date,true_adj,pred_adj,true_raw,pred_raw
2016-12-05 23:30:00,-2.3301651302072552,-2.3730765664139475,1.2223108764591722e-05,1.3146761012629969e-05
2016-12-06 00:00:00,-2.407090885147508,-2.287838439585467,1.3256489367570594e-05,1.2452495771738177e-05
2016-12-06 00:30:00,-1.4024906605440561,-2.0254796656888927,2.265986049765129e-06,4.966377300067934e-06
2016-12-06 01:00:00,-2.3030787314092933,-1.716498437628809,6.153118396263639e-06,3.6597837642053297e-06
2016-12-06 01:30:00,-2.26674885628107,-1.90115489982839,1.084827470748538e-05,8.071289478044111e-06
2016-12-06 02:00:00,-1.57442431082634,-1.9057113160540649,3.2344352617086297e-06,5.010834238854652e-06
2016-12-06 02:30:00,-2.300428127177905,-1.4586245497702146,1.6993560862682677e-05,7.501555439453346e-06
2016-12-06 03:00:00,-2.3925397125237327,-1.7967228649388982,1.4514951013162384e-05,8.714400041379303e-06
2016-12-06 03:30:00,-1.9691069598803368,-1.930338459464877,1.3615163493066566e-05,1.381636945540996e-05
2016-12-06 04:00:00,-1.6470863797231827,-1.6246364213675526,6.171953284963273e-06,6.47914313932478e-06
2016-12-06 04:30:00,-1.905864784335204,-1.509450800794352,8.952010212553283e-06,6.129115416827776e-06
2016-12-06 05:00:00,-1.650221337065123,-1.5664340850930067,4.507114844040769e-06,4.406091844775478e-06
2016-12-06 05:30:00,-0.37363387711478024,-1.5028616337526206,1.2248581285903163e-07,2.164584739314668e-06
2016-12-06 06:00:00,-1.2559645516437443,-1.0264936149714203,1.969295041809279e-06,1.5756950651690684e-06
2016-12-06 06:30:00,-0.7285237239838122,-1.443122752163545,5.684677145082137e-07,2.453909304203235e-06
2016-12-06 07:00:00,-1.2417356549148866,-1.1140498579661284,1.8582913770673156e-06,1.7470228899916472e-06
2016-12-06 07:30:00,-1.9147032452549704,-1.0895628307043075,6.147709496260001e-06,2.340337715980351e-06
2016-12-06 08:00:00,-1.3812242649396091,-1.2669547709621631,2.7679109275194914e-06,2.631341799445277e-06
2016-12-06 08:30:00,-1.3191937314278237,-1.2024880212753633,2.5532098913532648e-06,2.4273024113241883e-06
2016-12-06 09:00:00,-1.2924996453229118,-1.1893183756582038,2.3059747681432756e-06,2.2402677453860575e-06
2016-12-06 09:30:00,-1.8357020795319834,-1.233999518803637,4.255875675943975e-06,2.1864496661369363e-06
2016-12-06 10:00:00,-0.8721244896410947,-1.442650710091318,4.00541061428261e-06,1.2057905784323041e-05
2016-12-06 10:30:00,-0.9031936619441348,-1.212012982332235,2.886122462191539e-06,5.934756897913628e-06
2016-12-06 11:00:00,-0.737528074204893,-1.0257417239698676,1.6454567403775691e-06,3.813416460764127e-06
2016-12-06 11:30:00,-1.4523284724711205,-1.162122581828933,5.577897338454331e-06,4.1227620326851235e-06
2016-12-06 12:00:00,-1.5491630815841588,-1.2920666484495942,5.510525007449332e-06,4.311952508408031e-06
2016-12-06 12:30:00,-1.0626568742069975,-1.2386636513583928,1.8010866564594881e-06,2.7796298427531534e-06
2016-12-06 13:00:00,-1.2130289349576597,-1.1453929690865425,2.4334954893514574e-06,2.514469439188933e-06
2016-12-06 13:30:00,-1.4560437170807687,-1.161745080818934,3.206586535138694e-06,2.356661139267268e-06
2016-12-06 14:00:00,-1.3095245402424818,-1.3552177238684298,2.197710205481766e-06,2.620932147047013e-06
2016-12-06 14:30:00,-0.681997719089398,-1.212814809635528,5.202942268683131e-07,1.8786081106402647e-06
2016-12-06 15:00:00,-1.3375694673190877,-1.123531143242836,2.2060475386513734e-06,1.8135738555601797e-06
2016-12-06 15:30:00,-1.06356423757916,-1.211561285803008,1.3066216469000054e-06,1.936372124619711e-06
2016-12-06 16:00:00,-0.4656267098651871,-1.06190842479554,3.468782193487898e-07,2.1377085107842712e-06
2016-12-06 16:30:00,-1.351232508889449,-0.8902793226285022,1.3190739189085593e-06,7.232272664941271e-07
2016-12-06 17:00:00,-0.5552023394846393,-1.1143169170305893,7.20838265775406e-08,3.3912249728136316e-07
2016-12-06 17:30:00,-0.21871672966859368,-1.1106544011595203,9.56802159993011e-09,2.884245128765474e-07
2016-12-06 18:00:00,-1.2086408208562567,-0.8037833139587365,2.0897137392718132e-07,1.2224369574147567e-07
2016-12-06 18:30:00,-2.184395794355294,-1.4279613334709578,8.857190997325986e-06,4.171983753070687e-06
2016-12-06 19:00:00,-1.0045130903104411,-1.3543345625955692,3.284472785715832e-07,6.649035234832537e-07
2016-12-06 19:30:00,-0.5995213706780919,-1.0432578383371625,1.505230888344258e-07,5.431100348455598e-07
2016-12-06 20:00:00,-0.2889124582462079,-0.9643140511483023,2.397574183867789e-08,3.2698348519601965e-07
2016-12-06 20:30:00,-2.2223917923699497,-0.8803156800325358,9.324334517390536e-06,1.856610318409254e-06
2016-12-06 21:00:00,-2.0004828279613776,-1.6545655490595235,7.192394045585817e-06,5.294754853550902e-06
2016-12-06 21:30:00,-2.8097964837152416,-1.6570884143145166,8.549287935921625e-05,3.199279214436718e-05
2016-12-06 22:00:00,-2.8114192972705885,-2.457841580489518,3.204256253917296e-05,2.5334863580425464e-05
2016-12-06 22:30:00,-2.8157861378543725,-2.5354788593058415,4.2955111347798716e-05,3.59580201963804e-05
2016-12-06 23:00:00,-2.874131135156886,-2.6548271316692507,3.4005395995587846e-05,2.9872175050253113e-05
2016-12-06 23:30:00,-2.52639478810626,-2.638926392922771,1.4305943411695982e-05,1.607604010896999e-05
2016-12-07 00:00:00,-2.2966656617209686,-2.4200400410540386,1.2078696296281795e-05,1.3888658657720124e-05
2016-12-07 00:30:00,-1.6356063972000388,-2.0614983632314567,2.986832170879214e-06,4.9775745745854055e-06
2016-12-07 01:00:00,-1.7074675606477774,-1.832178233404146,3.290218096098253e-06,4.023669469672556e-06
2016-12-07 01:30:00,-2.2677524790996415,-1.778973394248556,1.0793449556987868e-05,7.079684785761429e-06
2016-12-07 02:00:00,-1.5356104179240477,-1.9429999648147283,3.0794871259495706e-06,5.202422506225643e-06
2016-12-07 02:30:00,-2.8777355462381604,-1.5323931769377523,2.6337207306415756e-05,8.131085724324163e-06
2016-12-07 03:00:00,-2.4507154303285925,-2.149975836851535,1.5116408119809283e-05,1.2158734345831713e-05
2016-12-07 03:30:00,-2.271485680000731,-1.8771402292165453,1.7902255326275865e-05,1.2949251346962462e-05
2016-12-07 04:00:00,-1.8476436563503553,-1.8664097715995842,7.751865489035774e-06,8.383530396355568e-06
2016-12-07 04:30:00,-1.7415219836631664,-1.6564524621301735,7.460279360974434e-06,7.262049834390556e-06
2016-12-07 05:00:00,-1.806881257505673,-1.577018633028487,5.375713020142959e-06,4.438235414103993e-06
2016-12-07 05:30:00,-1.111435030380481,-1.5184125343526456,1.0859728159676784e-06,2.210167261196263e-06
2016-12-07 06:00:00,-1.4980020360413853,-1.4093131079389232,2.6899698559137403e-06,2.630787487151002e-06
2016-12-07 06:30:00,-1.5269139614470006,-1.498483960683859,2.5107740483634754e-06,2.642656313283783e-06
2016-12-07 07:00:00,-1.4032557333883406,-1.4407714119128923,2.356439150079989e-06,2.7336025531586817e-06
2016-12-07 07:30:00,-1.8353633955332223,-1.4736875452020621,5.644353082692432e-06,3.98831203561313e-06
2016-12-07 08:00:00,-1.994553230512254,-1.350716790968559,5.776998001924525e-06,2.9520892508868395e-06
2016-12-07 08:30:00,-1.5991019694876827,-1.7502473766786826,3.7805219478919966e-06,4.837174367093627e-06
2016-12-07 09:00:00,-1.4771527586069118,-1.3020356808081281,3.002184007976795e-06,2.61939872091462e-06
2016-12-07 09:30:00,-2.073585601954982,-1.3833774231339442,5.305205286517229e-06,2.6184628091058496e-06
2016-12-07 10:00:00,-1.3262804581069958,-1.577729170277085,9.143459306063334e-06,1.4022785528078621e-05
2016-12-07 10:30:00,-1.3231637026707452,-1.3569889252156198,6.1904430459928076e-06,7.2481331093714805e-06
2016-12-07 11:00:00,-1.0884485060716145,-1.3198659912524646,3.5783266730418004e-06,5.891353686663311e-06
2016-12-07 11:30:00,-2.046571689372095,-1.2851280875407767,1.0655431807772927e-05,4.731916857235682e-06
2016-12-07 12:00:00,-1.1110464477536879,-1.5678742397170025,2.7335559505506917e-06,5.905254250733583e-06
2016-12-07 12:30:00,-1.1721775387374285,-1.278715633229754,2.1043284700492326e-06,2.8235207654492845e-06
2016-12-07 13:00:00,-1.0847645511594586,-1.3010918787001275,1.918465457496598e-06,3.099825991213425e-06
2016-12-07 13:30:00,0.2615979208022674,-1.1834687364276892,9.68192082864402e-08,2.27650711767028e-06
2016-12-07 14:00:00,0.2615979208022674,-0.631197499325627,8.39337957446465e-08,7.443471791714369e-07
2016-12-07 14:30:00,0.2884003180310313,-0.4691023032978064,8.557986328365696e-08,4.409245408470093e-07
2016-12-07 15:00:00,-0.781969959439994,-0.38726550783158187,7.255456824123447e-07,4.253180331224049e-07
2016-12-07 15:30:00,0.34432596669476917,-0.697470683413205,1.2906486600238116e-07,7.565133309600818e-07
2016-12-07 16:00:00,0.37804833568529495,-0.20079331218478275,2.168546976825953e-07,3.774972943356325e-07
2016-12-07 16:30:00,0.3397618452505674,-0.15303410667835954,7.540858217277613e-08,1.5148289709771838e-07
2016-12-07 17:00:00,0.39514818310289807,-0.10283167620301244,3.437939262303846e-08,4.823052682332186e-08
2016-12-07 17:30:00,-0.32321245823875633,-0.18562694382457998,1.8939566792135554e-08,4.4043402331328645e-08
2016-12-07 18:00:00,-0.09634892917571802,-0.3461333446208306,1.1787740928296257e-09,4.168566987884099e-08
2016-12-07 18:30:00,-0.8666703337374347,-0.6234362839947974,1.168470944968716e-06,9.289504647144494e-07
2016-12-07 19:00:00,0.2754107009670088,-0.5175633093706552,2.2265419235272383e-08,1.3982773428691421e-07
2016-12-07 19:30:00,-0.10754338185486519,-0.2415242995467447,4.607577469489772e-09,1.0629362212875812e-07
2016-12-07 20:00:00,0.32661342010905214,-0.4548560772028039,2.881661171337556e-08,1.122044166281571e-07
2016-12-07 20:30:00,-1.3871631773189186,-0.3326022234085759,1.15414386105075e-06,1.9139555718953141e-07
2016-12-07 21:00:00,-0.7797799254012846,-0.7908254284797213,3.80883210725518e-07,5.223380788876075e-07
2016-12-07 21:30:00,-0.539856581438228,-0.8526321964191483,1.436216125114137e-07,4.6098531819989105e-07
2016-12-07 22:00:00,-0.02611016491978033,-0.7604640635832016,3.1431655649091986e-10,3.627456138945838e-07
2016-12-07 22:30:00,-0.11574951848242282,-0.5552798584722958,4.31728015028254e-09,1.665344650103342e-07
2016-12-07 23:00:00,-0.07222999262844335,-0.6553949385493516,1.610277679524485e-09,1.9692409641488542e-07
2016-12-07 23:30:00,-0.12815110314012332,-0.47042588670999647,3.72837291630681e-09,9.757020954499317e-08
2016-12-08 00:00:00,-0.40742660196658753,-0.5135676557051365,4.046241577062842e-08,1.1510772125730134e-07
2016-12-08 00:30:00,-0.6733987165710033,-0.5305126977203224,2.2181149684713713e-07,2.3964276902973163e-07
2016-12-08 01:00:00,-0.47391821912238463,-0.6288601654448189,7.193042663719994e-08,1.9341954378833963e-07
2016-12-08 01:30:00,-0.7545918054140396,-0.4708060830788938,2.2638980063353842e-07,1.7101599968723576e-07
2016-12-08 02:00:00,0.02907464318423605,-0.631290373490214,2.968794013351662e-10,2.1317802600157963e-07
2016-12-08 02:30:00,-1.5064943091113272,-0.2833982342456547,1.4053658514179392e-06,1.7882871893007992e-07
2016-12-08 03:00:00,-0.9219164903208974,-0.9383541999466725,4.5367353580466285e-07,5.812754549260176e-07
2016-12-08 03:30:00,-0.2923205926537839,-0.6777717614233572,1.1572897886732047e-07,9.044874347395775e-07
2016-12-08 04:00:00,-0.2962858236343413,-0.6294332802795637,9.287892399740355e-08,6.397469538904054e-07
2016-12-08 04:30:00,-0.09994446490365777,-0.43241314090860855,8.11372573351481e-09,3.212196737802946e-07
2016-12-08 05:00:00,-0.7667160868892383,-0.4283021543859669,3.607207008554775e-07,2.40490454459611e-07
2016-12-08 05:30:00,-0.7781223415137901,-0.6723519622641201,3.7291252311961764e-07,4.06823251039182e-07
2016-12-08 06:00:00,-1.1223073015120053,-0.6372449663098755,1.0215328810672e-06,4.984148636201176e-07
2016-12-08 06:30:00,-0.13297681166426661,-0.7995873078940497,9.347238788668512e-09,4.481599046245357e-07
2016-12-08 07:00:00,-0.5327263265395383,-0.6142227544918917,1.5904113843085072e-07,3.2825407097762106e-07
2016-12-08 07:30:00,-1.1465720429169524,-0.7929393325231275,7.581263488027299e-07,4.828174975615009e-07
2016-12-08 08:00:00,0.47287148382904737,-0.9105149138564852,1.359588484236011e-07,6.308337332688524e-07
2016-12-08 08:30:00,0.5311621336948351,-0.13845857256683888,1.8422628917131079e-07,1.4864788284834653e-07
2016-12-08 09:00:00,0.543899498961191,-0.00020611136327348088,2.788602080867853e-07,1.9651929665048113e-07
2016-12-08 09:30:00,0.010534154624018181,0.1286671402934293,8.647516469305185e-11,1.7536166113379327e-07
2016-12-08 10:00:00,0.44536423001529185,-0.10712047547148051,5.465315560385554e-07,6.06052073747017e-07
2016-12-08 10:30:00,-0.2483981498756792,0.00875445701761547,1.8418086908797345e-07,6.225343425441167e-07
2016-12-08 11:00:00,-0.7055022082491232,-0.1310598555927934,1.2972825898525538e-06,5.881365543992595e-07
2016-12-08 11:30:00,-0.3061290274033592,-0.5290458604193814,2.0930271053500426e-07,1.0907136476092457e-06
2016-12-08 12:00:00,-0.5681274589794324,-0.40718626273739716,5.620304527165206e-07,6.517198096640436e-07
2016-12-08 12:30:00,0.500907888364369,-0.5560327685440636,3.1074024099857615e-07,6.410864412272022e-07
2016-12-08 13:00:00,-0.27064195871951646,-0.21250689287860083,9.829861692439897e-08,3.403819264102435e-07
2016-12-08 13:30:00,-0.7470583740500818,-0.44084113554547477,5.889334016587056e-07,4.2507416007603744e-07
2016-12-08 14:00:00,-0.03953207582216406,-0.5342623821338401,1.7375177360508845e-09,5.491358096992971e-07
2016-12-08 14:30:00,0.47523972634414263,-0.4440628837421252,2.0864092145282845e-07,3.747524740248799e-07
2016-12-08 15:00:00,0.6028416692960411,-0.007233285348041332,3.393195814198103e-07,1.9470058556538977e-07
2016-12-08 15:30:00,0.1519608443066747,0.04408256006619144,2.3482703674802112e-08,2.1397844887887214e-07
2016-12-08 16:00:00,-0.04372295376862724,-0.058092434956907545,2.7994032957122802e-09,3.1022462574917955e-07
2016-12-08 16:30:00,-0.3719901721846838,-0.2621025153526665,9.065059175340892e-08,1.8157649881622429e-07
2016-12-08 17:00:00,-0.5175780350310821,-0.2174523908528737,5.989109480276472e-08,5.718020003048331e-08
2016-12-08 17:30:00,-0.9080083218179,-0.4804243186584198,1.4899413828100873e-07,7.938425164719809e-08
2016-12-08 18:00:00,-0.7361992401765576,-0.7033872289839032,6.91135050021142e-08,8.96745638512795e-08
2016-12-08 18:30:00,-2.1495628746192934,-0.5212159361611933,7.161143591022789e-06,7.44135016611481e-07
2016-12-08 19:00:00,-1.5571883116200471,-0.9925776473247032,6.887587596318519e-07,3.3905884141666874e-07
2016-12-08 19:30:00,-1.1671538284932303,-1.210741307097003,5.396169594269653e-07,6.632556174217167e-07
2016-12-08 20:00:00,-0.24461440942736082,-1.0224353472355951,1.5723090502862173e-08,3.294726804452049e-07
2016-12-08 20:30:00,-0.08943455530410042,-0.7690281724375387,3.678269525926681e-09,3.678390351798461e-07
2016-12-08 21:00:00,-0.5518062100584893,-0.6884706950267039,1.699962934563231e-07,3.810206001132757e-07
2016-12-08 21:30:00,0.5885932821943655,-0.8279804689248981,1.5476991367688783e-07,3.9939888641068787e-07
2016-12-08 22:00:00,-0.3443375293803632,-0.08844763057089915,4.968952691287234e-08,9.064637598709515e-08
2016-12-08 22:30:00,-0.35920146634975,-0.5229076335173063,4.117642610750959e-08,1.5379310278663484e-07
2016-12-08 23:00:00,-1.244864193043623,-0.4010673782238934,4.6623535650222596e-07,1.1111609295239762e-07
2016-12-08 23:30:00,-0.35076454044158534,-0.8743563579047088,2.5944448341717067e-08,2.0517041405303916e-07
2016-12-09 00:00:00,-0.4933964293348839,-0.5136119924461562,5.919278991702671e-08,1.1483389580132513e-07
2016-12-09 00:30:00,-0.43659982992061824,-0.5549286757917365,6.56780781515708e-08,1.779335463671557e-07
2016-12-09 01:00:00,-0.4107077339382923,-0.6026558976291805,4.4043701950461475e-08,1.4926689120760604e-07
2016-12-09 01:30:00,0.14157896134867465,-0.5283220457581991,6.888521339428106e-09,1.6756848646735077e-07
2016-12-09 02:00:00,-0.40871488021958435,-0.2866104612156474,5.29016439670383e-08,9.203562431577763e-08
2016-12-09 02:30:00,-0.8586448478850485,-0.38357498313410676,4.0955566009118024e-07,1.9753974315463434e-07
2016-12-09 03:00:00,-0.4994258964100008,-0.497679188452383,1.0696390446376945e-07,1.9561979317082462e-07
2016-12-09 03:30:00,0.4009589069418889,-0.4883387408316889,1.827028649748664e-07,5.07931548545347e-07
2016-12-09 04:00:00,-0.6646778330164699,-0.21549606113848685,4.149041576755021e-07,2.3939764598492485e-07
2016-12-09 04:30:00,-0.61089550081757,-0.5281659232069063,2.5959858187961006e-07,3.3906683358585847e-07
2016-12-09 05:00:00,-0.23485631221768732,-0.5605195029240663,3.179745354913244e-08,3.0130441166405783e-07
2016-12-09 05:30:00,-0.9499507282388553,-0.34331450391226614,5.397915426094885e-07,1.9520693276933943e-07
2016-12-09 06:00:00,-0.8589838460803562,-0.6430959995772754,5.823822826315654e-07,4.909783276726826e-07
2016-12-09 06:30:00,-1.3589660965876542,-0.717059595819348,9.283551918424638e-07,3.632663409639412e-07
2016-12-09 07:00:00,-0.8685316345918506,-0.9076001856610523,4.0439148384716335e-07,5.533507047061593e-07
2016-12-09 07:30:00,-1.10804969539012,-0.7413213957144243,4.701048107363197e-07,2.902448458239495e-07
2016-12-09 08:00:00,-1.5025424772440867,-0.8430267123023374,1.6596910317979505e-06,6.75724317121173e-07
2016-12-09 08:30:00,-0.4797700413224687,-1.026670107049915,1.4115218970158362e-07,7.74216081987927e-07
2016-12-09 09:00:00,-0.8846758473880685,-0.5322046418626803,7.424837342465848e-07,4.664815139844506e-07
2016-12-09 09:30:00,-0.6638005515003369,-0.7440079323712457,2.8175344283873476e-07,4.872619528311814e-07
2016-12-09 10:00:00,-0.42118912265814135,-0.6175339704018978,4.730414153586125e-07,1.5727778993129145e-06
2016-12-09 10:30:00,-0.46155357499767147,-0.6592399713705103,4.648308443680312e-07,1.4031727632462051e-06
2016-12-09 11:00:00,-0.774367824565188,-0.6135676408272053,1.0818064345936363e-06,1.0552786335188284e-06
2016-12-09 11:30:00,-0.14489557646821544,-0.7576048935004415,2.393420169438647e-08,8.919907282278719e-07
2016-12-09 12:00:00,-0.38615030760871105,-0.6111288533448579,1.863544625692746e-07,7.273039961282454e-07
2016-12-09 12:30:00,-0.6605748516625518,-0.7001804489559029,4.032932662346204e-07,6.457812068102248e-07
2016-12-09 13:00:00,-0.9423361648379235,-0.7962756545071148,9.32829145209613e-07,8.850670870274034e-07
2016-12-09 13:30:00,-0.8145746105896425,-0.7716956145951805,5.40754274858478e-07,6.552226287322457e-07
2016-12-09 14:00:00,-1.6022703123463027,-0.8224691634969048,2.363179911617882e-06,8.145820541836146e-07
2016-12-09 14:30:00,-0.5633152916446716,-1.1286104909263341,2.7391702058739617e-07,1.279480730945651e-06
2016-12-09 15:00:00,-0.9015605981851882,-0.7943874633508609,7.445821709115585e-07,7.690554212949392e-07
2016-12-09 15:30:00,-0.5305570424912427,-0.8229676014060868,2.6540460851393626e-07,8.351341263138091e-07
2016-12-09 16:00:00,-0.287127738568717,-0.7516009272976207,1.1057279571357632e-07,1.037267692364248e-06
2016-12-09 16:30:00,-0.8051768739329169,-0.7671727921932828,3.919881498350304e-07,4.819089854607603e-07
2016-12-09 17:00:00,0.3957121632788052,-0.7738530753191266,3.1527812338136653e-08,1.6254857508299507e-07
2016-12-09 17:30:00,0.5972863099479645,-0.48110113874166327,5.928816902170785e-08,7.31123359158752e-08
2016-12-09 18:00:00,0.6028416692960411,-0.40663001290267003,4.463380966623398e-08,4.591181587761404e-08
2016-12-09 18:30:00,-2.5757796797844064,-0.5527345789265923,1.027632550759784e-05,7.961159081786884e-07
2016-12-09 19:00:00,-1.1052694940302386,-0.8355733329761076,3.302626163551982e-07,2.4511330555320286e-07
2016-12-09 19:30:00,-2.5984446060760136,-0.9711657670963911,1.8575434655230666e-06,3.1683151185961116e-07
2016-12-09 20:00:00,-2.756757784917662,-1.141107164870567,1.938681995516173e-06,3.853534591753957e-07
2016-12-11 18:30:00,0.5432127785390563,-1.4141251641362662,4.5438249626745137e-07,3.400361853519778e-06
2016-12-11 19:00:00,0.3396099359636219,-0.0341553274353837,3.012683718768559e-08,5.476109099989258e-08
2016-12-11 19:30:00,0.532081123884036,-0.19735522254716376,7.530522093448784e-08,6.581319198534647e-08
2016-12-11 20:00:00,0.4491981920302277,-0.19783465454180674,5.0443247620954745e-08,6.190176723021189e-08
2016-12-11 20:30:00,0.38239071393625423,-0.006068864737239939,6.358140013195335e-08,9.06667430583268e-08
2016-12-11 21:00:00,0.24502719161744393,0.017985267347241728,3.055696794590117e-08,1.0627005443957116e-07
2016-12-11 21:30:00,0.42152620677646147,0.02774877360855483,7.453752815057235e-08,8.777741696425617e-08
2016-12-11 22:00:00,0.3266135551845104,-0.014033538085132361,4.165410379449879e-08,8.148081000857487e-08
2016-12-11 22:30:00,0.5890279335820453,-0.015196329793909476,1.0276335345242493e-07,6.181632325827419e-08
2016-12-11 23:00:00,0.5980523576413939,0.12548689765776833,1.0150645846100336e-07,6.363487223234393e-08
2016-12-11 23:30:00,0.03697576743567537,0.1441901504698645,2.7562164804525877e-10,4.621893502546147e-08
2016-12-12 00:00:00,0.6127426374758753,0.00315093215029807,8.806326403332912e-08,4.890070724804227e-08
2016-12-12 00:30:00,-0.06031572615512038,0.21882812091633125,1.1872507224370053e-09,8.366318503580772e-08
2016-12-12 01:00:00,0.2426322396383163,-0.14309421161975805,1.4193157945897351e-08,5.5198364321028345e-08
2016-12-12 01:30:00,0.2852716696169406,-0.004891147883962662,2.6328254462821043e-08,6.745443295708792e-08
2016-12-12 02:00:00,-0.22115084924677003,-0.08119401053005697,1.3501860355920319e-08,5.937354118814173e-08
2016-12-12 02:30:00,0.2987269883615081,-0.06321436228850157,4.729754578341777e-08,1.1261372535441922e-07
2016-12-12 03:00:00,0.13056160961389085,-0.00882402662529834,6.998936393585143e-09,8.56286530109982e-08
2016-12-12 03:30:00,0.27821407813095766,0.046712596189179514,8.289659918415393e-08,2.2560900113153712e-07
2016-12-12 04:00:00,-0.19566808932153132,0.049336904129408235,3.494120354296058e-08,1.9248421078294142e-07
2016-12-12 04:30:00,-0.06928267479398081,-0.16283444416357026,2.9808504354362986e-09,1.4592915400099948e-07
2016-12-12 05:00:00,-0.640645293621563,0.058804077025073495,2.2225670542308683e-07,1.1476775399361468e-07
2016-12-12 05:30:00,-0.179038982712537,-0.3158275350863996,1.7945140319398523e-08,1.7255065812502624e-07
2016-12-12 06:00:00,0.49939619036952876,-0.18243569741590088,1.0940959658099734e-07,1.0605888843430488e-07
2016-12-12 06:30:00,-0.5373659521309662,-0.03830009735365252,1.339332710528993e-07,9.737538537042634e-08
2016-12-12 07:00:00,-0.2555382621945967,-0.3836728529362438,3.0156156736935915e-08,1.642572334652988e-07
2016-12-12 07:30:00,-0.2946254530341443,-0.2738228715004197,3.029284807843208e-08,9.891986482590769e-08
2016-12-12 08:00:00,-0.8567845857259664,-0.3024478476852046,5.088282919972381e-07,2.0791111886182444e-07
2016-12-12 08:30:00,-0.6858031579914596,-0.3892932801555022,2.671648490765444e-07,2.0450937457256034e-07
2016-12-12 09:00:00,-1.7586286725378055,-0.5312155301581306,2.789446646782084e-06,4.4254312064562093e-07
2016-12-12 09:30:00,-0.11022126211877077,-0.7990065389780184,7.027319048269167e-09,4.898741960984704e-07
2016-12-12 10:00:00,0.2409663865191497,-0.37300331447742013,1.4088034781832548e-07,8.433861783537557e-07
2016-12-12 10:30:00,-0.187840967151757,-0.2851640449392326,6.646787725201804e-08,5.459102314299915e-07
2016-12-12 11:00:00,-0.15244299795239472,-0.18806177429848678,3.61209652605488e-08,3.790137216893373e-07
2016-12-12 11:30:00,-0.7296038050732543,-0.34508362111091073,5.436331417596523e-07,3.345189880375274e-07
2016-12-12 12:00:00,0.012818528741472912,-0.36273123256169404,1.6847691514377516e-10,3.486636228558402e-07
2016-12-12 12:30:00,0.5177837842753089,-0.1476596485733196,2.1279910927804245e-07,1.82779626655983e-07
2016-12-12 13:00:00,-0.5273999924542747,0.19900075951095117,2.485746834671957e-07,2.2169889758575261e-07
2016-12-12 13:30:00,0.09619090860093275,-0.3581103814636343,6.651612039842046e-09,2.4206189283586785e-07
2016-12-12 14:00:00,-0.1931981050964316,-0.19836374558821226,2.9148697375562734e-08,1.9353385292477102e-07
2016-12-12 14:30:00,-0.1673682623731094,-0.1278686508561797,2.3235666308331573e-08,1.8649020984619543e-07
2016-12-12 15:00:00,0.06354602090618038,-0.1686005123316589,3.345821293153031e-09,1.9628848719831475e-07
2016-12-12 15:30:00,0.12484726007465921,-0.2249264692815492,1.4123460315048226e-08,2.347451175380167e-07
2016-12-12 16:00:00,0.08259492842348105,-0.13634013674048948,8.594186695308196e-09,2.8605355435090476e-07
2016-12-12 16:30:00,0.38174342136748257,-0.20979603994706436,7.372945966522377e-08,1.2774461752902837e-07
2016-12-12 17:00:00,0.4097731526465214,-0.1305842402952544,3.38902085682439e-08,4.551850698107007e-08
2016-12-12 17:30:00,-1.0035953705680756,-0.09776840682268413,1.4512977257857332e-07,3.14169905269341e-08
2016-12-12 18:00:00,-2.5984446060760136,-0.27074914556780255,9.491233964525526e-07,3.961024038388841e-08
2016-12-12 18:30:00,-1.340534076074294,-1.08079762694218,2.995136568541215e-06,2.294396631780982e-06
2016-12-12 19:00:00,-0.6644706027572521,-0.5088272155869754,1.1647435262400639e-07,1.2329624755992196e-07
2016-12-12 19:30:00,0.1405504846743526,-0.5787598438636657,5.296209775143997e-09,1.4569719183753534e-07
2016-12-12 20:00:00,-0.03144771816584246,-0.3625312722425641,2.3681223109939726e-10,8.13922764194076e-08
2016-12-12 20:30:00,-0.08613409212163282,-0.28793447008862655,3.1921848007120395e-09,1.253720824867362e-07
2016-12-12 21:00:00,-0.7293677557211348,-0.3567529435975831,2.3114999878611235e-07,1.458864491962094e-07
2016-12-12 21:30:00,-0.32474076145153835,-0.35544856763229615,4.136633146952863e-08,1.3133614571091208e-07
2016-12-12 22:00:00,-0.8060406104491199,-0.3141218821149761,2.509988288776663e-07,1.1866050811237576e-07
2016-12-12 22:30:00,-1.1339075711783682,-0.42201987817944997,3.941553226938066e-07,1.1850802173461933e-07
2016-12-12 23:00:00,-0.33475974272290526,-0.6078564911888826,3.090061678757871e-08,1.5936852645785673e-07
2016-12-12 23:30:00,-0.473625098876182,-0.43087230918922237,4.4442394778882015e-08,7.808436220507664e-08
2016-12-13 00:00:00,-0.055992995605532773,-0.23430463237277954,6.960259067604982e-10,5.846983172192937e-08
2016-12-13 00:30:00,0.06290579727151678,-0.26845273796625907,1.1924969619289592e-09,8.454249159707575e-08
2016-12-13 01:00:00,0.24424475953527247,-0.17546710542550759,1.3246206946111024e-08,5.3127515496429095e-08
2016-12-13 01:30:00,-0.12601062374311864,-0.12387162826505685,5.100133412395117e-09,7.188963609932951e-08
2016-12-13 02:00:00,-0.7722495980074171,-0.170507223032447,1.590050778630074e-07,6.333563566828117e-08
2016-12-13 02:30:00,-0.41189824357209426,-0.3707558363524679,9.148963594765185e-08,1.865466828524524e-07
2016-12-13 03:00:00,-0.7775704688369213,-0.3239994651228516,2.431658244482995e-07,1.2606469118057398e-07
2016-12-13 03:30:00,-0.7193722248326188,-0.460636129976049,5.490247704544096e-07,4.462902842811684e-07
2016-12-13 04:00:00,-0.5352638216013831,-0.5346570330040981,2.5855144086662744e-07,4.4609947480566095e-07
2016-12-13 04:30:00,-0.10795419189969935,-0.5288588805869902,7.215114654289286e-09,3.0222695224684375e-07
2016-12-13 05:00:00,-0.028401964395299097,-0.35332581985803746,4.0765561228711774e-10,1.6844246505673415e-07
2016-12-13 05:30:00,-0.36511592960584155,-0.32119208952470135,7.16814459770072e-08,1.6757096397814955e-07
2016-12-13 06:00:00,-0.21198699815378175,-0.4167925415570089,1.9771480098102684e-08,1.6815208245502447e-07
2016-12-13 06:30:00,-0.2834003522620162,-0.336623053372545,3.130235505485569e-08,1.2541518549529468e-07
2016-12-13 07:00:00,-0.3371238357085953,-0.3436994315589073,3.954064220581438e-08,1.1362866647466847e-07
2016-12-13 07:30:00,-0.5595933791084794,-0.35220778631571736,1.0132689589358648e-07,1.0759832763728356e-07
2016-12-13 08:00:00,-0.5688308588296492,-0.4451087067683514,2.062944445122327e-07,2.592305159689625e-07
2016-12-13 08:30:00,-0.596652959480427,-0.45719418806741785,1.9125726806513138e-07,2.2430211336839427e-07
2016-12-13 09:00:00,-0.7317241775288951,-0.5139828188939262,4.554843695617841e-07,4.0208904021178845e-07
2016-12-13 09:30:00,0.08512592028297283,-0.5667065450477323,3.715108334876029e-09,2.715327639254953e-07
2016-12-13 10:00:00,0.3715716568900926,-0.3290933795500412,3.3440708730884617e-07,7.672657774330817e-07
2016-12-13 10:30:00,0.5810173767486236,-0.17688586973494425,5.521126795372158e-07,3.9213391169403794e-07
2016-12-13 11:00:00,-0.0272315971694354,-0.04543227987246146,1.0143146437075753e-09,2.8797918278974166e-07
2016-12-13 11:30:00,0.025898334092100152,-0.12984069907995605,6.215118210953597e-10,2.0880142702951707e-07
2016-12-13 12:00:00,-0.440749167382289,-0.09111525743242885,1.7659751419569552e-07,1.9706822037422086e-07
2016-12-13 12:30:00,0.6172581115244526,-0.2597918297710192,2.657035066801401e-07,1.9245178332967638e-07
2016-12-13 13:00:00,-0.47213183553755533,0.07738262344591383,1.636371923957201e-07,1.5743809097989636e-07
2016-12-13 13:30:00,0.6308395981999,-0.289305181211725,2.70963345871107e-07,1.9893597563227065e-07
2016-12-13 14:00:00,0.16940672594557568,0.035505712028713735,1.6973274217525066e-08,1.2404477806306543e-07
2016-12-13 14:30:00,0.21136549247050812,-0.066918376127296,3.3280732660635366e-08,1.5863918529125443e-07
2016-12-13 15:00:00,0.22051500349261632,0.058529362306915515,3.3237246848556436e-08,1.448381564974419e-07
2016-12-13 15:30:00,-0.07745498570634574,-0.026802527485310982,5.1831000643432056e-09,1.8073433217003667e-07
2016-12-13 16:00:00,-0.13287381236802207,-0.10420100487431272,2.1821544266776314e-08,2.7108917568396253e-07
2016-12-13 16:30:00,-0.7649276534143142,-0.15000573197214107,2.9638989167475444e-07,1.1700181238785849e-07
2016-12-13 17:00:00,-0.21861557016845143,-0.3214138528331622,9.977521767715116e-09,6.508975325390511e-08
2016-12-13 17:30:00,-0.2605203135831665,-0.2952355702256903,9.669518845284691e-09,4.2119655073624516e-08
2016-12-13 18:00:00,-1.2440220777204107,-0.2667187751490432,2.0693206052921064e-07,3.738796162784146e-08
2016-12-13 18:30:00,-1.9731647810497879,-0.8206518769481118,6.532110972627475e-06,1.4796825458805376e-06
2016-12-13 19:00:00,-0.1481778911677765,-0.7768846313512344,5.7413625216685475e-09,2.1233319490676416e-07
2016-12-13 19:30:00,-0.8227239138366625,-0.44061235662679216,1.9056847216991752e-07,1.1335297819152477e-07
2016-12-13 20:00:00,-1.0067462219169931,-0.5608584433950686,2.501081509936981e-07,1.2906876635153935e-07
2016-12-13 20:30:00,-0.26132613603258636,-0.5827747960197206,2.6985689277258885e-08,2.1658556353261117e-07
2016-12-13 21:00:00,-0.89201287230494,-0.3788362546538176,3.306850747010597e-07,1.462871420984721e-07
2016-12-13 21:30:00,-0.44172850433209926,-0.5393285003173738,7.382787076168966e-08,1.8893635931169248e-07
2016-12-13 22:00:00,-0.8995510361165173,-0.48654917595736413,2.9038600798856153e-07,1.5976626831154655e-07
2016-12-13 22:30:00,0.13881137287630618,-0.5573458197569695,5.101958393684054e-09,1.3745053634752996e-07
2016-12-13 23:00:00,-0.3185995116821661,-0.3324021272089072,2.7162588698960938e-08,8.535457757197833e-08
2016-12-13 23:30:00,0.07900198566549685,-0.4034648560803859,1.1917836600774828e-09,7.089234488535564e-08
2016-12-14 00:00:00,-0.3179751298720514,-0.2064779427259044,2.1957191184409208e-08,5.4532178427430545e-08
2016-12-14 00:30:00,-0.4409890724977365,-0.3553825907637216,5.5115507505252903e-08,9.487858242861157e-08
2016-12-14 01:00:00,-0.09918687834365157,-0.29697244305700526,2.1141491393488944e-09,6.375271387387815e-08
2016-12-14 01:30:00,-0.7595944685097609,-0.222076973989812,1.800268255752064e-07,8.043528433126624e-08
2016-12-14 02:00:00,-0.9753320617408442,-0.3485403859284547,2.455257182923323e-07,8.516250559878625e-08
2016-12-14 02:30:00,-0.8979967380682938,-0.5588948803658066,4.336560115453714e-07,2.8009134078746885e-07
2016-12-14 03:00:00,-0.700917532448884,-0.4693434247107854,1.9295865301426797e-07,1.6840067428299594e-07
2016-12-14 03:30:00,-0.2300437222425659,-0.5276252968744091,5.430684600886807e-08,4.996222814400423e-07
2016-12-14 04:00:00,-0.5275630866473543,-0.4306442174315558,2.2944807503934276e-07,3.247544150866212e-07
2016-12-14 04:30:00,-0.44664690422868525,-0.5211799279008672,1.2201252386534181e-07,2.936374657674293e-07
2016-12-14 05:00:00,0.15041104717668383,-0.4279094277920112,1.1131491057700215e-08,1.9267129904701485e-07
2016-12-14 05:30:00,-0.5276111640372694,-0.3083117234717675,1.4672753992439552e-07,1.5998829539865984e-07
2016-12-14 06:00:00,-0.35998666252996375,-0.3951922553648375,5.678395513353731e-08,1.5978367565872676e-07
2016-12-14 06:30:00,-0.17881177633134532,-0.44710443824061225,1.2077963662196378e-08,1.5426383756681979e-07
2016-12-14 07:00:00,0.2593640071856959,-0.21848381179215146,2.3146653949340572e-08,8.815901419705439e-08
2016-12-14 07:30:00,-0.399470792084257,-0.22295062444182695,4.973915011626553e-08,8.047403213922254e-08
2016-12-14 08:00:00,-1.2250651304673934,-0.3475801007787216,9.594739335264817e-07,2.1051862033245784e-07
2016-12-14 08:30:00,-0.4240309341758332,-0.5120611253977904,8.788554278087438e-08,2.3006492750238383e-07
2016-12-14 09:00:00,0.18475362161252679,-0.3086806059080115,2.681419670392388e-08,2.3862114406753994e-07
2016-12-14 09:30:00,-0.6763329857095384,-0.16854198606147117,2.3375553376580476e-07,1.2105239835238848e-07
2016-12-14 10:00:00,-0.33443616080821503,-0.32604085231126073,2.7577554540211363e-07,7.76129916015116e-07
2016-12-14 10:30:00,-0.3655515587436081,-0.2827533054729742,2.2367409512094103e-07,4.827828433703984e-07
2016-12-14 11:00:00,0.03698962645461024,-0.17988221008403948,1.8570984473467181e-09,3.268827269952265e-07
2016-12-14 11:30:00,-0.3910411825706896,-0.09055298247965712,1.402033887411699e-07,1.9866613094786585e-07
2016-12-14 12:00:00,-0.15779815453109383,-0.29236372765814816,2.2308908140723048e-08,2.6336106937984257e-07
2016-12-14 12:30:00,-0.5643592679858207,-0.16054562753846258,2.3225773855177864e-07,1.7082049377680355e-07
2016-12-14 13:00:00,-0.8331695304697956,-0.2927384016831492,4.7105782460670125e-07,1.9962196700265158e-07
2016-12-14 13:30:00,-0.34501949847501473,-0.476971026116976,8.342561590919934e-08,3.0554557053518295e-07
2016-12-14 14:00:00,0.5843422440065,-0.3257067811409608,2.0438154849934325e-07,1.882832754850462e-07
2016-12-14 14:30:00,0.6160909800627814,-0.02485011153488826,2.74083482535168e-07,1.5098491930807856e-07
2016-12-14 15:00:00,0.6160909800627814,0.5235575140664361,2.5606862764273584e-07,3.255693676657339e-07
2016-12-14 15:30:00,0.6333553399234909,0.49179871204086756,3.271418442512277e-07,3.672684029005427e-07
2016-12-14 16:00:00,0.6841232403827133,0.7354890059158607,5.806799888224658e-07,9.2980835626506e-07
2016-12-14 16:30:00,0.7244690830585216,0.8266143351395119,2.586633183067614e-07,4.394875859348822e-07
2016-12-14 17:00:00,0.42131203242930854,0.42827804639642936,3.657275855107318e-08,8.074637567023111e-08
2016-12-14 17:30:00,0.5310887005542486,0.229841808136453,4.0490469865762124e-08,3.751140839835498e-08
2016-12-14 18:00:00,-0.21853563836765713,0.21998939708232265,6.382701547810431e-09,3.433013330237313e-08
2016-12-14 18:30:00,-1.1168546658441496,-0.2017148041869416,2.09009674239198e-06,4.1750310228004207e-07
2016-12-14 19:00:00,0.7456785401167518,-0.2421053771841252,1.4764621119514932e-07,7.092153898620211e-08
2016-12-14 19:30:00,0.8474727948295276,0.267345286286688,1.8680787596735677e-07,7.281539582398933e-08
2016-12-14 20:00:00,0.9235411474701372,0.6039445513416322,1.9359003273530815e-07,1.3010547309296084e-07
2016-12-14 20:30:00,0.9316200419769635,0.43304996047116134,3.3452451642198766e-07,1.526351167228232e-07
2016-12-14 21:00:00,0.7280906985075097,0.3564258252414735,2.140461866223424e-07,1.3547177910745947e-07
2016-12-14 21:30:00,0.05686322730252273,0.2897448315040736,1.2033645086259834e-09,1.0883112360713166e-07
2016-12-14 22:00:00,0.5274834517696224,0.40692397256071416,9.914143424876364e-08,1.3328531659504152e-07
2016-12-14 22:30:00,-0.06040275722211964,0.22915830943821622,9.54492025528753e-10,6.827814571738244e-08
2016-12-14 23:00:00,0.46139058014791884,-0.018335994205338737,5.610254785564844e-08,5.5030168461750903e-08
2016-12-14 23:30:00,0.9476603236153632,0.3090365067388,1.7015269233057557e-07,5.759405933459089e-08
2016-12-15 00:00:00,0.5256763403459692,0.48048287229652414,6.019865383120866e-08,9.570846923344284e-08
2016-12-15 00:30:00,0.2739880471243914,0.2907355903310868,2.0333680203237637e-08,7.936425870691001e-08
2016-12-15 01:00:00,-0.05038197256105953,0.21074867716872717,5.251414514845662e-10,5.231897147555055e-08
2016-12-15 01:30:00,0.573520915017538,0.22407962847703614,1.0027344495234564e-07,7.886113323977097e-08
2016-12-15 02:00:00,0.4091894752139502,0.34056368591707753,4.1058877742108496e-08,7.956438472821372e-08
2016-12-15 02:30:00,-0.05418190650291906,0.3508896679804073,1.524009089097711e-09,1.7214436921314814e-07
2016-12-15 03:00:00,1.0043054770692197,0.0780867562771886,3.6676860858379705e-07,7.802548683232524e-08
2016-12-15 03:30:00,0.6579256387690017,0.551819696268624,4.4102501318238937e-07,5.22649797310815e-07
2016-12-15 04:00:00,0.6074339598098696,0.397572782145623,2.971029579491565e-07,2.951414790054962e-07
2016-12-15 04:30:00,-0.1465365261427309,0.392233307098076,1.286065027901198e-08,2.1700358278844338e-07
2016-12-15 05:00:00,0.31642871946337275,0.05264250097273632,4.6400486912141565e-08,9.789524533100598e-08
2016-12-15 05:30:00,0.8492138763735233,0.3178525209244756,3.5581515916670353e-07,1.5270721193683002e-07
2016-12-15 06:00:00,0.3029083782659359,0.4113881732561266,3.960858301502313e-08,1.630543084079765e-07
2016-12-15 06:30:00,0.27788357267746894,0.16676951900913672,2.8708393130640334e-08,8.784656321429997e-08
2016-12-15 07:00:00,0.9316200419769635,0.09636585900074507,2.866789439833473e-07,7.192847078539078e-08
2016-12-15 07:30:00,0.9476603236153632,0.6331375099948758,2.6982451050641857e-07,1.8307750730496352e-07
2016-12-15 08:00:00,0.1767740007361975,0.546549663326648,1.9198593431164153e-08,3.116057098402683e-07
2016-12-15 08:30:00,1.0043054770692197,0.3120924814799921,4.6487388601345053e-07,1.409779541488695e-07
2016-12-15 09:00:00,0.3769960383507121,0.6302369475000741,1.1243165452698339e-07,4.791310699641432e-07
2016-12-15 09:30:00,0.869490265876661,0.34044887818157515,3.750583859529193e-07,1.6092566401598197e-07
2016-12-15 10:00:00,0.9629329073838501,0.5376981687180328,2.2980627442609827e-06,1.2332355514920732e-06
2016-12-15 10:30:00,1.0575379428293932,0.4799305014373649,1.8133399008349682e-06,7.114805374807391e-07
2016-12-15 11:00:00,0.5689592303648099,0.6170701623471723,4.374486454407378e-07,7.962793917764307e-07
2016-12-15 11:30:00,0.9327111041891406,0.32444777336549874,7.459942703763554e-07,2.690383754297499e-07
2016-12-15 12:00:00,-0.04940540561782121,0.5827289476523054,2.0088941666806316e-09,4.5105288023091423e-07
2016-12-15 12:30:00,0.9348448937524555,0.34908098421862915,6.282547400027106e-07,2.3747024547294697e-07
2016-12-15 13:00:00,1.0589028847461233,0.5525419072928215,7.389818886337376e-07,3.386081712020432e-07
2016-12-15 13:30:00,0.347724494871601,0.6089232851366175,8.146436566619648e-08,3.902772704871753e-07
2016-12-15 14:00:00,1.1020787429291607,0.28875988245273365,7.634315853829068e-07,1.8344958999819885e-07
2016-12-15 14:30:00,0.11131441412018313,0.8420901693246242,2.0446653826480477e-08,1.514150143681874e-06
2016-12-15 15:00:00,0.3726915510804288,0.40812092399558253,1.3370367806407014e-07,3.610108291290086e-07
2016-12-15 15:30:00,-0.12033207187437828,0.41189891152087427,1.9343671696649565e-08,5.051552468039954e-07
2016-12-15 16:00:00,0.4528072452201937,0.11777938913878452,3.5745936081251596e-07,3.8764391026849334e-07
2016-12-15 16:30:00,0.19958750320842011,0.38264755647138377,2.067465464585291e-08,1.841923264026469e-07
2016-12-15 17:00:00,0.6215370441546924,0.20855741249572374,8.193394173375204e-08,5.344194791449001e-08
2016-12-15 17:30:00,0.43165545712387293,0.2559016576060402,2.5839854437786495e-08,3.7993144441175934e-08
2016-12-15 18:00:00,-1.1280596732869932,0.10756665855735605,1.755614765284624e-07,3.035844611400855e-08
2016-12-15 18:30:00,-1.2440641834865713,-0.6385736708770359,2.615750910599208e-06,1.041524105689811e-06
2016-12-15 19:00:00,0.6916736086202145,-0.33349133920694457,1.391367688088396e-07,9.297620071641656e-08
2016-12-15 19:30:00,-0.24460325353460102,0.18898117673842818,1.933265418943982e-08,7.890318576070487e-08
2016-12-15 20:00:00,-0.06267637342396694,-0.010175815145886207,9.536338431878466e-10,5.0634377383785e-08
2016-12-15 20:30:00,0.09234288227553329,-0.003950817874903453,3.52535536317769e-09,8.619547109243542e-08
2016-12-15 21:00:00,-0.5318982648155136,0.026808071802575377,1.1205623568135911e-07,8.285702210526174e-08
2016-12-15 21:30:00,-0.08745179860644506,-0.22912526973752725,2.860722948704838e-09,9.761938153629604e-08
2016-12-15 22:00:00,-0.09410389135392257,-0.11830609509596791,3.09563696739202e-09,7.776974864656035e-08
2016-12-15 22:30:00,-0.7097184217620011,-0.13491140341157798,1.2534312722883902e-07,5.640736648450091e-08
2016-12-15 23:00:00,-0.7856591977399435,-0.2780567406087904,1.657943106724153e-07,7.676274157946395e-08
2016-12-15 23:30:00,0.2683428039535236,-0.3601916793027303,1.483458495496994e-08,6.9676611201779e-08
2016-12-16 00:00:00,-0.08375446362038642,-0.07294316427703121,1.5878733004688286e-09,4.839502882354341e-08
2016-12-16 00:30:00,0.32781067532966224,-0.01838924772571863,2.938860718297668e-08,5.710742674030759e-08
2016-12-16 01:00:00,-0.04804195727671636,-0.013025349179350977,4.742780555722496e-10,4.287467269542955e-08
2016-12-16 01:30:00,-0.5244394464076406,0.008069574146165558,8.529474484469618e-08,6.46730121476819e-08
2016-12-16 02:00:00,-0.2975752067938374,-0.21139124126826525,2.188765218718069e-08,6.257552455140971e-08
2016-12-16 02:30:00,-1.063441135999587,-0.18081871512448544,6.014474578730587e-07,1.282615378344766e-07
2016-12-16 03:00:00,-0.15866398102209361,-0.28533030642352447,9.75507157415937e-09,1.1233263492770664e-07
2016-12-16 03:30:00,-0.44951243411630276,-0.1464018191326768,2.1731826564708163e-07,2.472689296872739e-07
2016-12-16 04:00:00,-0.7655698504973728,-0.2581822530406766,4.792147709436642e-07,2.2495973701804063e-07
2016-12-16 04:30:00,0.5825493352965528,-0.37180410598762065,1.9703838895285674e-07,2.0130615866163052e-07
2016-12-16 05:00:00,-0.28239550608433106,-0.05007946425442327,3.729479903283987e-08,9.866927853399354e-08
2016-12-16 05:30:00,-1.2260129778300441,-0.1988979604618202,8.119783014962163e-07,1.3398912544409527e-07
2016-12-16 06:00:00,0.24889039601794333,-0.4138011037170016,2.7519571146339824e-08,1.6868415571357664e-07
2016-12-16 06:30:00,-0.07822473085965533,-0.026621332406643626,2.3371788017919388e-09,7.989755847312554e-08
2016-12-16 07:00:00,0.7197342736641374,-0.17195611884906573,1.8273924039820292e-07,8.397425907122263e-08
2016-12-16 07:30:00,-0.09153113933533076,0.17168759351492704,2.8373612640898494e-09,8.058741916712736e-08
2016-12-16 08:00:00,-0.9196717728823699,-0.12721716425449284,5.361198306151032e-07,1.4240398494863908e-07
2016-12-16 08:30:00,-1.0578261718266362,-0.31549774653958534,6.427027958776363e-07,1.7691028179691525e-07
2016-12-16 09:00:00,-0.5943524034673594,-0.4223233632965849,2.824396856854021e-07,3.092866085566791e-07
2016-12-16 09:30:00,0.05767359510265273,-0.3596363520274607,1.760234434328779e-09,1.7876989644277075e-07
2016-12-16 10:00:00,-0.09776416265642547,-0.1858865888394111,2.50983441775366e-08,6.381828309836703e-07
2016-12-16 10:30:00,-0.5449417584870934,-0.19741036033190892,5.423359056560859e-07,4.5190792418306914e-07
2016-12-16 11:00:00,0.11714970964579689,-0.30966508867958104,1.8498269398696755e-08,4.10249630795749e-07
2016-12-16 11:30:00,1.0444591937232495,-0.15190993332334726,1.0092844596102564e-06,2.1422994767549933e-07
2016-12-16 12:00:00,0.23663668736175955,0.5711626360228487,4.473667788289474e-08,4.271810002881854e-07
2016-12-16 12:30:00,-0.020318027247477482,0.1317146747105285,3.2418989685753994e-10,1.7734043913691523e-07
2016-12-16 13:00:00,0.9419513494641664,0.10836327770541575,6.500528900730886e-07,1.613413076403687e-07
2016-12-16 13:30:00,0.4296641824706737,0.5022456703642468,1.2924577735844357e-07,3.2255321185409465e-07
2016-12-16 14:00:00,-0.41951485350706713,0.4524153340071931,1.317241439228638e-07,3.09231899356099e-07
2016-12-16 14:30:00,-0.45932396835888967,-0.16540848685737372,3.5952974581766813e-07,4.018893429801841e-07
2016-12-16 15:00:00,-0.19262724950696442,-0.009894537162771765,3.666932594354073e-08,2.0612338361394214e-07
2016-12-16 15:30:00,-0.24352231326680102,-0.05262950246824133,8.102840978215686e-08,2.8863422731089e-07
2016-12-16 16:00:00,0.4288124573912552,-0.10866972811847034,3.3874287594831795e-07,4.058077645897012e-07
2016-12-16 16:30:00,0.36284721782978074,0.008601883189539,6.842673896155308e-08,1.0838975733935856e-07
2016-12-16 17:00:00,1.1020787429291607,-0.01160758342606451,2.7365970394645414e-07,4.700262077692456e-08
2016-12-16 17:30:00,0.8910337843353975,0.27868859872832885,1.0856718534511666e-07,3.9128548540098774e-08
2016-12-16 18:00:00,0.2013516914596836,0.4109438282126288,5.430308725865583e-09,5.054278457522382e-08
2016-12-16 18:30:00,-1.066111812491815,-0.18732803098492432,1.9096109410361163e-06,4.092221049135924e-07
2016-12-16 19:00:00,-1.1169349972931322,-0.3810736487594428,3.9169771420957026e-07,1.1105081509643613e-07
2016-12-16 19:30:00,-0.05556682187741867,-0.574831283792999,1.0108127934979108e-09,1.7642225611910566e-07
2016-12-16 20:00:00,-1.1189412137469588,-0.29304854566757027,3.149995820694808e-07,7.405671399730268e-08
2016-12-18 18:30:00,-0.802105075073148,0.1191863752384831,1.073095700425225e-06,3.714152083562976e-07
2016-12-18 19:00:00,-0.3963980608218577,-0.10753531661863708,4.8636361930173214e-08,6.810816743804558e-08
2016-12-18 19:30:00,0.17825332265669172,-0.13764178638126473,1.0424606516561846e-08,7.461313704874573e-08
2016-12-18 20:00:00,-0.4949380260921508,0.011552124666541232,5.907224195815436e-08,5.0305516081120595e-08
2016-12-18 20:30:00,-0.11750416101935665,-0.34093494079111547,5.704029708060136e-09,1.3414495864119734e-07
2016-12-18 21:00:00,-0.46634901958068903,-0.1960267056353264,8.495542626171692e-08,9.644823096435081e-08
2016-12-18 21:30:00,-0.6967770492194671,-0.2207382199664224,1.790844583549377e-07,9.487315402661478e-08
2016-12-18 22:00:00,-0.5146563615749252,-0.3370160995034768,9.22850281648082e-08,1.1220898506685212e-07
2016-12-18 22:30:00,-0.3619873296529183,-0.25357428095416734,3.229092334207358e-08,6.722017018653727e-08
2016-12-18 23:00:00,-0.48094471434161395,-0.32577248569637146,5.959527992649445e-08,8.105601973778658e-08
2016-12-18 23:30:00,-0.45700106008589947,-0.3781505629126658,4.44681680491762e-08,7.48355114862601e-08
2016-12-19 00:00:00,0.07061801913570115,-0.38478549404630796,1.1381795780547267e-09,8.137347391867132e-08
2016-12-19 00:30:00,-0.05011012018587757,-0.1398684161299109,7.113076658023921e-10,6.459752702281699e-08
2016-12-19 01:00:00,0.06329318361523607,-0.20402260583278217,8.282605962451325e-10,5.170931480211091e-08
2016-12-19 01:30:00,-0.9194435863290125,-0.21692895393355743,2.5938552397445175e-07,7.840511469309809e-08
2016-12-19 02:00:00,0.13774188083619124,-0.3341055111121799,4.652202411297565e-09,7.849021544867373e-08
2016-12-19 02:30:00,-0.190628344208698,-0.10197097606641141,1.9373920995522964e-08,1.166908310107184e-07
2016-12-19 03:00:00,-0.25323424929542593,-0.23961521786072407,2.5279389555439988e-08,1.0481560145605137e-07
2016-12-19 03:30:00,-1.1239436142344372,-0.19899594413169375,1.3339722492518717e-06,2.619637920931229e-07
2016-12-19 04:00:00,-0.743897570124645,-0.42826507371977746,4.2803613990811e-07,3.031202070049586e-07
2016-12-19 04:30:00,-0.40768482755193775,-0.4262402180613747,9.801432464389967e-08,2.3008030881384512e-07
2016-12-19 05:00:00,-0.6823534068496758,-0.40761767736466215,2.1450528006128051e-07,1.7259157366260743e-07
2016-12-19 05:30:00,-0.5898083706766458,-0.4911779778054168,1.7687716096856283e-07,2.2866695742279871e-07
2016-12-19 06:00:00,-0.8512684755714517,-0.5132492227847275,3.119410014051151e-07,2.031374333646779e-07
2016-12-19 06:30:00,-0.6012140542565011,-0.5634366667475486,1.3827303947429567e-07,2.0119297477424318e-07
2016-12-19 07:00:00,-0.4636010974347624,-0.45282343210374665,7.845196436444802e-08,1.5094427771471428e-07
2016-12-19 07:30:00,-0.8798675326905696,-0.43520737681917426,2.538520817298364e-07,1.3046672248884023e-07
2016-12-19 08:00:00,-1.124149417187065,-0.5455826985404864,7.809480591923363e-07,3.127819166578399e-07
2016-12-19 08:30:00,-0.6553990499390403,-0.6655775263053363,2.3690892682540967e-07,3.593054480742212e-07
2016-12-19 09:00:00,-1.128352068181562,-0.5563452686607079,1.0260267968891868e-06,4.174416958651479e-07
2016-12-19 09:30:00,-0.6271511901741209,-0.6700366617397313,2.0561227116560027e-07,3.436772387599646e-07
2016-12-19 10:00:00,0.4730049548310606,-0.5512753776333322,5.789408059225379e-07,1.3258528777090072e-06
2016-12-19 10:30:00,-0.29473783333422016,-0.3467597680804685,1.561917839760412e-07,5.910309543888729e-07
2016-12-19 11:00:00,0.04539650460942573,-0.36636711147102735,2.749228119793941e-09,4.57173481769908e-07
2016-12-19 11:30:00,0.44819674279461785,-0.24971458304464458,2.063883203499878e-07,2.7825934752580054e-07
2016-12-19 12:00:00,0.06256094293495669,-0.010236618189548317,3.2193441794814444e-09,1.7156747499271434e-07
2016-12-19 12:30:00,0.006372731503609462,-0.07069423412694534,3.2584374003593625e-11,1.7127827774273072e-07
2016-12-19 13:00:00,-0.33751438618883606,-0.1606528746959335,9.114900714430224e-08,1.874616035357263e-07
2016-12-19 13:30:00,-0.14616267746041325,-0.2809274405233367,1.583871786320843e-08,2.1307278004648023e-07
2016-12-19 14:00:00,-0.010931795112685057,-0.3258194395168267,9.014857628826462e-11,2.3734596889459179e-07
2016-12-19 14:30:00,-1.136072410606003,-0.2581421960208917,2.2417448403597363e-06,4.778435714917267e-07
2016-12-19 15:00:00,-0.23639045591333083,-0.5593335988186845,5.588171185354877e-08,5.213417813286785e-07
2016-12-19 15:30:00,-0.3060092878594914,-0.3502660042156862,1.3097025489843176e-07,4.6317402616451204e-07
2016-12-19 16:00:00,-0.6298907261436859,-0.3866057427994369,7.656406370032859e-07,6.907242048223905e-07
2016-12-19 16:30:00,-0.12414759607188466,-0.44417794961039575,8.272608308512937e-09,2.17793908312024e-07
2016-12-19 17:00:00,0.16197969396240502,-0.39229794134491963,6.685925430006445e-09,9.234149794533653e-08
2016-12-19 17:30:00,-0.13442655669416337,-0.2330608936724175,2.5565605986113717e-09,3.717921523320554e-08
2016-12-19 18:00:00,-0.6693674161261113,-0.40108825684473065,5.669669672528053e-08,4.673734336467376e-08
2016-12-19 18:30:00,-1.128352068181562,-0.5563740956838773,2.1621750004545164e-06,8.797410488489195e-07
2016-12-19 19:00:00,-0.28487236476112227,-0.5254138777621219,2.533800599135364e-08,1.5128557971673255e-07
2016-12-19 19:30:00,0.0775210245831484,-0.41024726184522975,2.0353755808249036e-09,1.2761212112892597e-07
2016-12-19 20:00:00,-0.10333556700948823,-0.20813738305633633,2.5505908109455742e-09,6.014393387268045e-08
2016-12-19 20:30:00,-0.6561521315112133,-0.3132768556262391,1.7248374761734708e-07,1.2283925220478813e-07
2016-12-19 21:00:00,-0.31663680662099913,-0.44549058566303157,3.868112509963791e-08,1.5700168348971793e-07
2016-12-19 21:30:00,-0.10029685922890305,-0.3442030625191229,3.671062024475753e-09,1.1931652676172382e-07
2016-12-19 22:00:00,-0.7122837409877494,-0.29463365902982214,1.6442261895806396e-07,9.569665250455684e-08
2016-12-19 22:30:00,-0.6771581969130583,-0.41625740697395547,1.103235985565397e-07,9.184653889885641e-08
2016-12-19 23:00:00,0.04315286429940768,-0.44987045419599064,4.580097767710506e-10,1.010528706881875e-07
2016-12-19 23:30:00,-0.009625148434288579,-0.2313359254741646,1.9440052290887553e-11,5.497572390790161e-08
2016-12-20 00:00:00,0.3090457722622981,-0.24669370975266441,2.227997963435877e-08,6.282896002189895e-08
2016-12-20 00:30:00,-0.7260650453432124,-0.1550886722748622,1.4642117819693457e-07,6.458458273163761e-08
2016-12-20 01:00:00,-0.7828588862059745,-0.3388474889611188,1.3105424044211803e-07,6.913231878259332e-08
2016-12-20 01:30:00,-0.5719985990801231,-0.3477891008869677,9.91745099593865e-08,9.985675746041508e-08
2016-12-20 02:00:00,-0.012474803824249188,-0.40425061720064953,3.851295478960467e-11,9.203629242927809e-08
2016-12-20 02:30:00,-0.690477649556148,-0.2608033598142817,2.5562611489239273e-07,1.4824913198317726e-07
2016-12-20 03:00:00,-0.6884610613560089,-0.4670371569393549,1.844770880465499e-07,1.6603671528248484e-07
2016-12-20 03:30:00,-0.6390121176930053,-0.46066088850172277,4.250951646396987e-07,4.3794981815623676e-07
2016-12-20 04:00:00,-1.1305169076091968,-0.4698851098959581,9.919672564222584e-07,3.3317442437506335e-07
2016-12-20 04:30:00,-1.178558481137912,-0.6096243647191067,7.939973080900755e-07,3.316140557204635e-07
2016-12-20 05:00:00,-0.6047079299913437,-0.6620455710062308,1.6552501507341136e-07,2.92771675728622e-07
2016-12-20 05:30:00,-0.5725594328081772,-0.5169062432658148,1.587617762050622e-07,2.3036087290846162e-07
2016-12-20 06:00:00,-0.45445815244719834,-0.5495994759982701,8.73431821370409e-08,2.1590721534324553e-07
2016-12-20 06:30:00,0.13735705708580428,-0.4965610025367348,6.884668784853931e-09,1.660500514440516e-07
2016-12-20 07:00:00,-0.15145765599204414,-0.41362505291988727,8.319576807984652e-09,1.3765786765937864e-07
2016-12-20 07:30:00,-0.08084860996809566,-0.33611224002928347,2.108481492169064e-09,1.0368943984903484e-07
2016-12-20 08:00:00,-0.5115779596940604,-0.36416532844068006,1.5952853037613603e-07,2.0791538523536718e-07
2016-12-20 08:30:00,-0.02785762262649286,-0.3946635924299985,4.225606140963182e-10,1.9832748424446163e-07
2016-12-20 09:00:00,-1.130241498534397,-0.38173831520342516,1.0267968162531444e-06,2.8470207857652876e-07
2016-12-20 09:30:00,-0.7537727238371129,-0.6168007687236596,2.9600202360540725e-07,3.0680998143467186e-07
2016-12-20 10:00:00,-0.2632682107625586,-0.5447391236196666,1.8770087373313966e-07,1.3681921170763094e-06
2016-12-20 10:30:00,-0.9776329551426731,-0.5467520544411819,1.6789007099499424e-06,8.913239047952645e-07
2016-12-20 11:00:00,-0.9434238707841561,-0.5652006074582626,1.1960395151512415e-06,7.09424538580961e-07
2016-12-20 11:30:00,-0.9713476940056306,-0.7013567820655282,1.0068790443705967e-06,7.474117218043317e-07
2016-12-20 12:00:00,0.3750799921807996,-0.7838659736415208,1.1889882011626761e-07,6.954858581453952e-07
2016-12-20 12:30:00,-0.2315425502598166,-0.3675281365968994,4.404687093620373e-08,2.822584708883967e-07
2016-12-20 13:00:00,-0.9348358865670243,-0.5758284272075109,7.005426889262607e-07,4.329136441100239e-07
2016-12-20 13:30:00,-1.0337844241879381,-0.7361411559606414,8.074070835615525e-07,5.669094166443473e-07
2016-12-20 14:00:00,-0.7595555699307821,-0.7331266335648416,4.5164784134717107e-07,5.839704683152799e-07
2016-12-20 14:30:00,-1.2053257049979749,-0.6643236345143537,2.545315497270874e-06,1.1384493073938712e-06
2016-12-20 15:00:00,0.2107424846038727,-0.891302916457772,4.5465776945615856e-08,1.0266837095788235e-06
2016-12-20 15:30:00,-0.880488799901227,-0.39673934146107215,1.098844593756513e-06,5.185909348870211e-07
2016-12-20 16:00:00,-1.2053257049979749,-0.611019930213802,2.813676934516547e-06,1.1268211383556437e-06
2016-12-20 16:30:00,-0.028205990272015986,-0.7042843549158205,4.2543040788979155e-10,3.7672298206956154e-07
2016-12-20 17:00:00,0.2937090299670214,-0.4562360035041918,2.2243980818217235e-08,1.0742999049605512e-07
2016-12-20 17:30:00,0.12073344699898494,-0.34461394268272955,2.0423512344039393e-09,4.584949513179176e-08
2016-12-20 18:00:00,-1.2053257049979749,-0.47105453126587415,1.8298620420074167e-07,5.420630065757716e-08
2016-12-20 18:30:00,-1.2279029845631009,-0.9649589789598351,2.583988837549831e-06,1.953094468619359e-06
2016-12-20 19:00:00,-0.8571316798254557,-0.5274049493122769,2.3629280167089271e-07,1.5651500011249333e-07
2016-12-20 19:30:00,-0.4907962364851663,-0.6374517774312031,8.542886317015351e-08,2.180472666905066e-07
2016-12-20 20:00:00,-0.5130295514608713,-0.47161048571165426,6.508626083571636e-08,1.0655488254324299e-07
2016-12-20 20:30:00,-1.070755527742231,-0.5962946560010327,4.474664493038866e-07,2.2013658137630794e-07
2016-12-20 21:00:00,-1.1245874063604213,-0.6802887497862778,4.738004110626583e-07,2.514811258461485e-07
2016-12-20 21:30:00,-0.686536881292843,-0.7125345413793307,1.7095087855361993e-07,2.597566172901423e-07
2016-12-20 22:00:00,-0.06019437867657109,-0.6162024531697439,1.0767295600107963e-09,1.7478575415891084e-07
2016-12-20 22:30:00,-0.950446257986711,-0.5015057628691995,1.989785911115761e-07,1.0131969934068679e-07
2016-12-20 23:00:00,-0.9375185290346427,-0.6580692017732089,2.184025245082136e-07,1.5941000392266998e-07
2016-12-20 23:30:00,-0.6602628757569271,-0.7498946746719888,9.235271418627586e-08,1.632930559140451e-07
2016-12-21 00:00:00,-0.5598339558509163,-0.7516832426570451,7.344251971388742e-08,1.8125560300634442e-07
2016-12-21 00:30:00,-0.6807320536103048,-0.3924103668827959,1.225572815396256e-07,9.586254853931634e-08
2016-12-21 01:00:00,0.1041585193969257,-0.5697859127173182,2.261000850953582e-09,1.111081197976051e-07
2016-12-21 01:30:00,-0.5593529112130993,-0.449801124226041,9.327607108566683e-08,1.2246885686715892e-07
2016-12-21 02:00:00,-0.5399826183561485,-0.6104807962666504,7.309041051006576e-08,1.4567954761193185e-07
2016-12-21 02:30:00,-0.4227595369058977,-0.5544290984497329,9.627037886270434e-08,2.7787153066662105e-07
2016-12-21 03:00:00,-0.32335565665926913,-0.5205311590558483,4.0436183542879305e-08,1.85410007551738e-07
2016-12-21 03:30:00,-0.35678022494967326,-0.3383935429756375,1.3281284951467548e-07,3.369941641759361e-07
2016-12-21 04:00:00,-0.7295488018812639,-0.42208226786979103,4.0282486055094607e-07,2.9261891196172767e-07
2016-12-21 04:30:00,-0.8417954145246578,-0.5207559415281489,4.000925569307281e-07,2.7082158462137274e-07
2016-12-21 05:00:00,0.3765653902431975,-0.6059940095424862,6.391615257508026e-08,2.594953378619765e-07
2016-12-21 05:30:00,-0.6076911410434904,-0.32418606884580337,1.7532485341014054e-07,1.4887290725372059e-07
2016-12-21 06:00:00,-0.6604938961874488,-0.5355934017150072,1.8303161728801599e-07,2.0782058930279123e-07
2016-12-21 06:30:00,-0.16995438798839876,-0.5723352847642746,1.0709778012708656e-08,1.9875397020599791e-07
2016-12-21 07:00:00,0.04637440040054412,-0.36740919812527645,7.966625963906755e-10,1.2723331585079617e-07
2016-12-21 07:30:00,0.04013368890315698,-0.281757190907479,5.076670484530467e-10,9.072912095475066e-08
2016-12-21 08:00:00,-0.7880464271076864,-0.21069200270482266,3.8347916742484927e-07,1.561458257523149e-07
2016-12-21 08:30:00,-0.8661158520883435,-0.4052754576780843,4.169738378299191e-07,2.071783248880006e-07
2016-12-21 09:00:00,-1.282324410000308,-0.6462473696975495,1.2907415037982429e-06,4.914679357018426e-07
2016-12-21 09:30:00,-0.8736948898835974,-0.6627427155008714,3.86781748682364e-07,3.281881073139039e-07
2016-12-21 10:00:00,-0.7583439966926201,-0.5679674976675584,1.5659392705610766e-06,1.4460671024231543e-06
2016-12-21 10:30:00,-0.8509171370639909,-0.7207340173319662,1.2734815832500905e-06,1.2802942542324944e-06
2016-12-21 11:00:00,-0.26719891006812363,-0.7102758449515225,9.508224973563491e-08,9.495108515440947e-07
2016-12-21 11:30:00,-1.160924593302589,-0.537167859127225,1.4130606176598963e-06,5.211121474156396e-07
2016-12-21 12:00:00,-1.197920751299152,-0.7962565605463727,1.2100509482904031e-06,7.104239717517325e-07
2016-12-21 12:30:00,-1.2932598224935887,-0.7341630999543141,1.3779617097961899e-06,6.158290065911599e-07
2016-12-21 13:00:00,-1.2487575299439304,-0.863862255551488,1.2559325820307612e-06,7.689399670288365e-07
2016-12-21 13:30:00,-1.3230494571607483,-0.8777094152775686,1.3102942754514422e-06,7.327109992871712e-07
2016-12-21 14:00:00,-1.1311983707497109,-0.9544478009615317,1.0021350418593434e-06,8.767021185436504e-07
2016-12-21 14:30:00,-1.3872833271953762,-1.0165634066728513,3.3529872090047214e-06,2.1636159388142557e-06
2016-12-21 15:00:00,-1.4145767529728723,-1.1569419182663763,2.1243450189041634e-06,1.6423271416419614e-06
2016-12-21 15:30:00,-1.0783024718770855,-1.1269949430478003,1.6519996083300117e-06,2.100765300084869e-06
2016-12-21 16:00:00,-1.154434382069671,-0.9186001965204941,2.459972650032319e-06,1.9423713579113253e-06
2016-12-21 16:30:00,-0.5907823006247758,-0.9018820757736735,1.8247573306110732e-07,5.342501110063215e-07
2016-12-21 17:00:00,0.05087733399412689,-0.6490857001469003,6.953776918951677e-10,1.6918682985732295e-07
2016-12-21 17:30:00,-0.49951291493081046,-0.33356382553297986,3.5548559853521535e-08,4.555400251639474e-08
2016-12-21 18:00:00,-0.36963697648746263,-0.6475255435376065,1.6317657257209787e-08,7.49728904022984e-08
2016-12-21 18:30:00,-1.4520145991881848,-0.7525204234814387,3.278221380070533e-06,1.2046617709254577e-06
2016-12-21 19:00:00,-1.2543400490478698,-0.8017811725705344,4.966020144344551e-07,2.687047272975536e-07
2016-12-21 19:30:00,-0.4497406827144698,-0.7450006960939838,7.029863918287064e-08,2.653583260159553e-07
2016-12-21 20:00:00,-0.68634379068962,-0.6003331562753532,1.1272009097881473e-07,1.3612421244851047e-07
2016-12-21 20:30:00,-1.3695935177417984,-0.5988008953768578,7.22842608262318e-07,2.1851077126032653e-07
2016-12-21 21:00:00,-1.0914105319426575,-0.9080382487914263,4.342969167227918e-07,3.766298417481888e-07
2016-12-21 21:30:00,-0.42593022599957286,-0.8277083510774228,6.464812151879167e-08,3.1842780522660715e-07
2016-12-21 22:00:00,-0.2946305951096058,-0.45743042196120165,2.572407008638191e-08,1.2378491175358755e-07
2016-12-21 22:30:00,0.0970530014587557,-0.5402037689560878,2.096658349448584e-09,1.1136193737227459e-07
2016-12-21 23:00:00,-0.1166079072084213,-0.39235320259231277,3.374745982420301e-09,8.994842961963208e-08
2016-12-21 23:30:00,-0.5225898001611482,-0.22722701396808154,5.6530060996976966e-08,5.384078123636593e-08
2016-12-22 00:00:00,-0.16103587350055495,-0.39633656060686995,5.982649513084804e-09,8.43345006423666e-08
2016-12-22 00:30:00,0.45540210974938433,-0.30167392536758125,5.3296244862733234e-08,7.696243679427811e-08
2016-12-22 01:00:00,-0.0716597745697281,-0.057174582459918646,1.0832220194124152e-09,4.466624573080634e-08
2016-12-22 01:30:00,-0.6843485085655433,-0.17486679714758982,1.3666501772256322e-07,6.975884610033193e-08
2016-12-22 02:00:00,-0.5458344477097797,-0.43087314054336107,7.570644102882543e-08,1.0014926607526924e-07
2016-12-22 02:30:00,-1.228542273148896,-0.3842769955174839,8.220970737502439e-07,1.9398556085188903e-07
2016-12-22 03:00:00,-0.6979087296810655,-0.6481530565065483,1.9204260167709273e-07,2.478333238606644e-07
2016-12-22 03:30:00,-1.1198971106046998,-0.5251908432969632,1.3187647748555783e-06,5.092449787733912e-07
2016-12-22 04:00:00,-0.6841851183342756,-0.7071558609811676,3.525682822169602e-07,5.336587427099655e-07
2016-12-22 04:30:00,-0.6072639673266709,-0.6513108680534798,2.073256481459321e-07,3.556995535991041e-07
2016-12-22 05:00:00,-0.0984870404719021,-0.6267405753110562,4.487981811200269e-09,2.7820788040859497e-07
2016-12-22 05:30:00,-0.18129170165700187,-0.4021260483373904,1.5449652753026922e-08,1.7401124493669651e-07
2016-12-22 06:00:00,-0.26987188195894707,-0.4333660532504204,2.8353478684153087e-08,1.5427497119214974e-07
2016-12-22 06:30:00,-0.7393619609815989,-0.40318366052875093,1.9986604064351008e-07,1.3565547091850042e-07
2016-12-22 07:00:00,-0.7178878914083954,-0.5517792623350293,1.954965037986307e-07,1.9457594357152573e-07
2016-12-22 07:30:00,0.36939417347591996,-0.5368658561118383,4.343781314444573e-08,1.581185352743735e-07
2016-12-22 08:00:00,-0.8971733417998146,-0.27466730843184467,4.981720249809075e-07,1.7571935757470273e-07
2016-12-22 08:30:00,-0.9910128999063065,-0.5379392878212499,5.429014432761988e-07,2.752104345339514e-07
2016-12-22 09:00:00,-0.6956097843002494,-0.8725277531774376,3.473613165386942e-07,6.961832604822037e-07
2016-12-22 09:30:00,-0.7573772684510903,-0.5034104904971068,2.7526574599124425e-07,2.216530709140728e-07
2016-12-22 10:00:00,-0.2519482824206399,-0.5680943014718127,1.6782118710535903e-07,1.404390273686307e-06
2016-12-22 10:30:00,-0.5440821971346257,-0.5770018296463396,5.157110184813417e-07,9.4319451130717e-07
2016-12-22 11:00:00,-0.8566150517682019,-0.6152464803385286,9.601629326716837e-07,7.680945800488452e-07
2016-12-22 11:30:00,-0.35647783056510574,-0.6610152102413683,1.3079148286009411e-07,6.642855805720629e-07
2016-12-22 12:00:00,-0.153296834203159,-0.5593687068271415,1.909324167447883e-08,4.236027013740685e-07
2016-12-22 12:30:00,-1.283851479477843,-0.4557973871049572,1.3312521225369099e-06,3.361717136550994e-07
2016-12-22 13:00:00,-1.0255187241905643,-0.6978125192726091,8.179703501774749e-07,5.408744180212906e-07
2016-12-22 13:30:00,-1.3719842951838157,-0.7592604849348213,1.3954896713647554e-06,5.819312314229242e-07
2016-12-22 14:00:00,-0.34389776032748637,-1.0237140288976478,9.15354762881181e-08,9.724820732172477e-07
2016-12-22 14:30:00,-1.510092301868595,-0.7705951589402604,3.916394593522485e-06,1.3778830444319685e-06
2016-12-22 15:00:00,-1.5128229748896085,-1.149910601095861,2.3659828621384583e-06,1.5825061262031662e-06
2016-12-22 15:30:00,-0.2310644924641038,-1.1072527646223311,7.628456482614742e-08,2.049585956702264e-06
2016-12-22 16:00:00,-0.02176355588164212,-0.5641449965346697,8.746031857828013e-10,9.726216346026726e-07
2016-12-22 16:30:00,-0.49211325731268635,-0.5243577968990227,1.271903646722658e-07,2.538954953676397e-07
2016-12-22 17:00:00,-0.48909138891616216,-0.6811736426509535,6.56642249716723e-08,1.8459669792798453e-07
2016-12-22 17:30:00,-1.403594721553517,-0.6859599604546074,2.8373034620048735e-07,9.77919192981797e-08
2016-12-22 18:00:00,-1.0248509139915627,-1.0412370580278432,1.2664319102576254e-07,1.558624812511443e-07
2016-12-22 18:30:00,-1.5128229748896085,-1.2061533483878013,3.5556908328207477e-06,2.584125536358304e-06
2016-12-22 19:00:00,-0.9783729595434472,-0.8657498046245539,2.9616524958476556e-07,2.964081277829803e-07
2016-12-22 19:30:00,-1.5487655704918122,-0.8575574919975109,8.412796581368738e-07,3.310443288571211e-07
2016-12-22 20:00:00,-0.6596579035174273,-0.9468796816538477,1.0360466529124044e-07,2.631034051227358e-07
2016-12-22 20:30:00,-0.6457960988274932,-0.7936207485810317,1.5601724103589534e-07,3.1360740226629785e-07
2016-12-22 21:00:00,0.14711433948917943,-0.7681487539627672,7.547622748660181e-09,2.7847778126140605e-07
2016-12-22 21:30:00,-0.33245549567362676,-0.466758861661816,3.774554489999068e-08,1.4559769169214913e-07
2016-12-22 22:00:00,-0.9716603337379145,-0.6954865522897182,2.749525092736357e-07,2.0157941971912207e-07
2016-12-22 22:30:00,-0.19813605500214926,-0.6637595990296414,8.7891207764152e-09,1.453109632477877e-07
2016-12-22 23:00:00,-0.1656940732585007,-0.5464182026786444,6.7447499966387515e-09,1.2456660747274419e-07
2016-12-22 23:30:00,-0.060064173330374344,-0.5187827364403529,7.502634423176026e-10,9.932475387159922e-08
2016-12-23 00:00:00,-0.3005041060378635,-0.4390516163864697,2.09028349595945e-08,9.287760555367542e-08
2016-12-23 00:30:00,-0.6184891392566189,-0.6009117719003132,1.0432472360392548e-07,1.5533554907968384e-07
2016-12-23 01:00:00,-0.22616321678378828,-0.5501981601282878,1.0994593669088436e-08,1.0988057533814123e-07
2016-12-23 01:30:00,-0.3967420672648451,-0.4737888442147499,4.587066171071026e-08,1.2617056038319375e-07
2016-12-23 02:00:00,-0.8361154336245686,-0.5425574950559034,1.7781985839203335e-07,1.2790323395936566e-07
2016-12-23 02:30:00,-0.9016338755773781,-0.6267503014371978,4.414054051086835e-07,3.2648446819976436e-07
2016-12-23 03:00:00,-0.8174301662533668,-0.7199791679743245,2.592334605172767e-07,2.819889494024073e-07
2016-12-23 03:30:00,-0.9741712487387334,-0.6743356394942266,9.847843890823374e-07,6.882052518845849e-07
2016-12-23 04:00:00,-0.6408375618207087,-0.6511543486395649,3.054454094314056e-07,4.7041703183831155e-07
2016-12-23 04:30:00,-0.8917059988297319,-0.7338499745009718,4.4690091556805004e-07,4.198510756938993e-07
2016-12-23 05:00:00,-0.9599428561647881,-0.7989159662472001,4.2725476253236866e-07,3.925975431666705e-07
2016-12-23 05:30:00,-1.0591250829437189,-0.7374679924400397,5.355482506161657e-07,3.591826390184132e-07
2016-12-23 06:00:00,-0.5099265847431554,-0.9146942149154242,1.0073400988182668e-07,4.048889018838516e-07
2016-12-23 06:30:00,-0.4545798997513151,-0.6680803747788061,7.575658661962543e-08,2.4005649088194915e-07
2016-12-23 07:00:00,-0.32111419880641534,-0.6673176635864855,3.8938670240565466e-08,2.468877594366325e-07
2016-12-23 07:30:00,-0.08550710143040208,-0.606938288764677,2.3827838307119335e-09,1.8799364604692602e-07
2016-12-23 08:00:00,-0.1761634440622194,-0.3976121337325995,1.911852521895742e-08,2.258298200111548e-07
2016-12-23 08:30:00,-0.8495463542467372,-0.3581216745602355,3.942699149103956e-07,1.8394902010875087e-07
2016-12-23 09:00:00,-1.2312165319649813,-0.5698626404556432,1.1007085202920266e-06,3.871768175125496e-07
2016-12-23 09:30:00,-0.3584103667250431,-0.7273726782596383,6.077447770724252e-08,3.4893920443295123e-07
2016-12-23 10:00:00,-1.478220384182983,-0.5111024827226126,5.956546078174774e-06,1.2803780709387288e-06
2016-12-23 10:30:00,-1.335090563249713,-0.8802748877337067,3.1701741102450526e-06,1.7489367695638857e-06
2016-12-23 11:00:00,-1.5575913274291693,-0.8820464535491394,3.2123032301101217e-06,1.306166667230023e-06
2016-12-23 11:30:00,-0.6941721602574066,-1.0737726041698232,5.040391064592782e-07,1.4240848185723864e-06
2016-12-23 12:00:00,-0.9732034120486275,-0.8311851573259784,7.921930223937844e-07,7.522287639218049e-07
2016-12-23 12:30:00,-1.0041577196002964,-0.9768184877382384,8.075503800071462e-07,9.311397354548553e-07
2016-12-23 13:00:00,-1.57430624685346,-0.9494148078101867,1.9415256873565713e-06,8.694299977910051e-07
2016-12-23 13:30:00,-1.6164133911420404,-1.1663860655767102,1.939765218846314e-06,1.1647923533029142e-06
2016-12-23 14:00:00,-1.290861275979159,-1.1670220755474936,1.321512568322789e-06,1.245451971861962e-06
2016-12-23 14:30:00,-1.6233151170938565,-1.2291623602183677,4.548648910923189e-06,2.9677851725810093e-06
2016-12-23 15:00:00,-1.6555754247871164,-1.271613105579119,2.836781407423981e-06,1.8893134230760036e-06
2016-12-23 15:30:00,-1.6775370443435196,-1.2737468711781195,4.156889102949462e-06,2.704521797741721e-06
2016-12-23 16:00:00,-1.451836346245743,-1.4561839730009523,4.064943773408313e-06,4.491371148708088e-06
2016-12-23 16:30:00,-0.9673095487778517,-1.2062262842624005,4.986321769584244e-07,8.864640506977228e-07
2016-12-23 17:00:00,-0.9494068179169326,-1.0835002976755073,2.4749166765067484e-07,3.795814215183165e-07
2016-12-23 17:30:00,-0.1709240675828913,-1.136173880956716,4.015339569250979e-09,2.0607427843082197e-07
2016-12-23 18:00:00,0.14785760721284047,-0.8043021358362242,2.500800428852333e-09,9.784748822378673e-08
2016-12-23 18:30:00,-1.6555754247871164,-0.9393546917153768,4.268711546341651e-06,1.698905167969683e-06
2016-12-23 19:00:00,-1.6775370443435196,-0.9192835686180792,8.677269952114823e-07,3.248608664940513e-07
2016-12-23 19:30:00,-1.6930929052491357,-1.1106176485886503,9.64170011257796e-07,4.849997114277144e-07
2016-12-23 20:00:00,-1.7219107345589373,-1.0435270257283307,7.028828643210956e-07,3.0756988160582696e-07
2016-12-25 18:30:00,-1.770630192622331,-0.7992908532403339,4.844489093231879e-06,1.3093352870745678e-06
2016-12-25 19:00:00,-1.7945460517499954,-1.408062702584216,9.722556793579545e-07,6.615104968514875e-07
2016-12-25 19:30:00,-1.803965716108749,-1.3927778060020752,1.0544509179989464e-06,6.960908692088763e-07
2016-12-25 20:00:00,-1.707283691034199,-1.4845378789010495,6.313430246175839e-07,5.225050275378228e-07
2016-12-25 20:30:00,-1.9263025529080415,-1.4984393958291045,1.3911615100884313e-06,9.199560965785022e-07
2016-12-25 21:00:00,-1.9442288521960798,-1.8244212828762165,1.3436556232013393e-06,1.2572652353978493e-06
2016-12-25 21:30:00,-2.0423394539528106,-1.8149729046366851,1.4407384242956737e-06,1.2098182875534558e-06
2016-12-25 22:00:00,-1.9778119665323912,-1.810787817349418,1.1104856242599948e-06,9.900297478583125e-07
2016-12-25 22:30:00,-1.744044009959454,-1.771789565658806,6.834923948600604e-07,7.522586292273713e-07
2016-12-25 23:00:00,-1.8258388687907778,-1.7557868956984404,8.129554726144453e-07,8.02609915565465e-07
2016-12-25 23:30:00,-1.6641825804145935,-1.7557868956984404,5.745626252969018e-07,6.828071918100705e-07
2016-12-26 00:00:00,-1.749298563646049,-1.5904564227063192,6.912397580612987e-07,6.184984894623934e-07
2016-12-26 00:30:00,-1.9292070429208614,-1.739847303194601,1.0064489884030848e-06,8.749464518507561e-07
2016-12-26 01:00:00,-1.7035710132557234,-1.824773670454497,6.262706964152815e-07,7.635424276355225e-07
2016-12-26 01:30:00,-2.0067198021875727,-1.737136638757281,1.1767140160188212e-06,9.427095777192495e-07
2016-12-26 02:00:00,-1.822865666076459,-1.824773670454497,8.07904351115341e-07,8.602846697886906e-07
2016-12-26 02:30:00,-2.099394114033586,-1.7595864259373653,2.3906730090606197e-06,1.7924778369154354e-06
2016-12-26 03:00:00,-2.106665647974491,-1.816463437437267,1.7026843183559185e-06,1.3458739644140753e-06
2016-12-26 03:30:00,-2.112548362711067,-1.816463437437267,4.5893867313297405e-06,3.6074707491684023e-06
2016-12-26 04:00:00,-2.1608500593687725,-1.8057580254528958,3.4561807267138156e-06,2.5679186938239144e-06
2016-12-26 04:30:00,-2.1738697387371593,-1.8314610054250455,2.6435609199353135e-06,1.9929877537100992e-06
2016-12-26 05:00:00,-2.175395735020143,-2.0129450618151132,2.0982101804771254e-06,1.8889707792655343e-06
2016-12-26 05:30:00,-2.20532356892586,-2.0129450618151132,2.2965407932981336e-06,2.0117885021686917e-06
2016-12-26 06:00:00,-2.257084062858608,-2.0053526006913027,1.9574930753766674e-06,1.6253107307594539e-06
2016-12-26 06:30:00,-2.233674353499963,-2.1058305487126336,1.8293730577563384e-06,1.7023979183822455e-06
2016-12-26 07:00:00,-2.2754212297199246,-2.21499966255024,1.979322732731312e-06,1.9552987252352415e-06
2016-12-26 07:30:00,-2.1253659382308796,-2.216063214417826,1.4862513029800472e-06,1.6843987294443548e-06
2016-12-26 08:00:00,-2.2790662238198713,-2.135226161166102,3.2771249885731765e-06,3.0080496494385223e-06
2016-12-26 08:30:00,-2.2876713248773446,-2.2216225503733313,2.8914968433914553e-06,2.842126505851614e-06
2016-12-26 09:00:00,-2.4268099765789737,-2.216063214417826,4.288938280744524e-06,3.7281926201542486e-06
2016-12-26 09:30:00,-2.4874011561767158,-2.2764241491705532,2.965684400153977e-06,2.583860077479496e-06
2016-12-26 10:00:00,-2.507810127244988,-2.2619092200047546,1.710494061598023e-05,1.4481987362260063e-05
2016-12-26 10:30:00,-2.6261956349709683,-2.424839706542298,1.231861675987038e-05,1.0874405295803618e-05
2016-12-26 11:00:00,-2.644322545004524,-2.646503327782674,9.241213734124363e-06,9.53198439487273e-06
2016-12-26 11:30:00,-2.662122272968472,-2.646503327782674,7.507157892476268e-06,7.640164604337637e-06
2016-12-26 12:00:00,-2.78360422723888,-2.646503327782674,6.558674533400489e-06,6.1049803248151584e-06
2016-12-26 12:30:00,-2.920694679391766,-2.7446502819450944,6.881993010736053e-06,6.245562733573735e-06
2016-12-26 13:00:00,-2.937833611165978,-2.9796183180004285,6.606308445664691e-06,6.955140793062742e-06
2016-12-26 13:30:00,-2.9177600890902307,-2.9796183180004285,6.186661894280719e-06,6.603264484132794e-06
2016-12-26 14:00:00,-2.9716757258769886,-2.9796183180004285,7.035061476872216e-06,7.238799251786944e-06
2016-12-26 14:30:00,-3.0102818320314206,-2.9796183180004285,1.5675960446126007e-05,1.5718869679837644e-05
2016-12-26 15:00:00,-3.02466369191092,-2.923486854560773,9.523109225237453e-06,9.113667826529116e-06
2016-12-26 15:30:00,-3.073552395455707,-2.923486854560773,1.4033571684831962e-05,1.3006354635900204e-05
2016-12-26 16:00:00,-3.1419678053203404,-2.923486854560773,1.9260937777675272e-05,1.7082152042241478e-05
2016-12-26 16:30:00,-2.594215615795551,-2.4489072996747043,3.5387980745934786e-06,3.2630897808439323e-06
2016-12-26 17:00:00,-1.9552211715340873,-2.2755784332472793,1.0610202317076381e-06,1.4950555929958528e-06
2016-12-26 17:30:00,-1.2772415602044973,-1.871449626821176,2.298450536128376e-07,5.228252838598089e-07
2016-12-26 18:00:00,-1.1654898838896186,-1.5757934057380827,1.7114844553244443e-07,3.3913029384246437e-07
2016-12-26 18:30:00,-1.378698532379502,-1.4553846370308108,2.8639873160814407e-06,3.505564698224893e-06
2016-12-26 19:00:00,-0.27889602217683246,-1.3773756423930879,2.2661030250518732e-08,6.134498213907452e-07
2016-12-26 19:30:00,-0.9468492171696821,-0.7958817436868171,2.8307238404211016e-07,2.6582648724342923e-07
2016-12-26 20:00:00,-0.6307691228775286,-0.7813272230904037,8.246397029823135e-08,1.6973827752374094e-07
2016-12-26 20:30:00,-0.5938609064521222,-0.7953925020010245,1.2521022716053945e-07,2.986282888218512e-07
2016-12-26 21:00:00,-1.35871311444374,-1.0304423749716716,6.159681728333507e-07,4.2384272055984387e-07
2016-12-26 21:30:00,-1.3241997120188107,-1.2933597230124967,5.651884347939852e-07,6.063648547346354e-07
2016-12-26 22:00:00,-1.5017156743239453,-1.2523841623953844,6.199967821444359e-07,4.885255260080114e-07
2016-12-26 22:30:00,-0.6747653944254698,-1.2774336195921276,9.85286341858041e-08,3.9824327503149556e-07
2016-12-26 23:00:00,0.09346128376052634,-1.0626203402253107,2.04636997120702e-09,3.1337131163811e-07
2016-12-26 23:30:00,-0.7155938338051033,-0.5306759755410841,1.0264109486894682e-07,9.82350590533714e-08
2016-12-27 00:00:00,-2.1747027875334166,-0.9727704724456057,1.0199506086777883e-06,2.4904074869020143e-07
2016-12-27 00:30:00,-0.9592203168316239,-1.370958106335604,2.3527208556372929e-07,5.339057322813235e-07
2016-12-27 01:00:00,-0.8719266732837928,-0.9332723206583603,1.5579935178130894e-07,2.212165213302604e-07
2016-12-27 01:30:00,-1.3498975297803588,-0.9387693650895838,5.161942708767612e-07,3.087052144709023e-07
2016-12-27 02:00:00,-1.1677116517631778,-1.1298714383380335,3.2196490537628683e-07,3.506620202865706e-07
2016-12-27 02:30:00,-1.3703890324984642,-1.363744066988923,9.958178332915727e-07,1.0967311530885622e-06
2016-12-27 03:00:00,-0.46132999510497774,-1.3881503506215733,7.851589291905466e-08,7.878091387918652e-07
2016-12-27 03:30:00,-1.6677833812897747,-0.9403434890667046,2.7081103186948185e-06,1.063889864255321e-06
2016-12-27 04:00:00,-1.3361736656017844,-1.3625842725190245,1.2478635461390719e-06,1.4433938564765157e-06
2016-12-27 04:30:00,-1.4893114010496817,-1.314229819454727,1.2048519161225048e-06,1.0514661457297101e-06
2016-12-27 05:00:00,-1.113789937673244,-1.425876084409982,5.091463954175774e-07,9.200129165867215e-07
2016-12-27 05:30:00,-0.5903067309297064,-1.3689053881592963,1.498938432547815e-07,8.957521620126464e-07
2016-12-27 06:00:00,-0.49779026409528626,-1.23711530003996,8.990241148522737e-08,6.309002346157249e-07
2016-12-27 06:30:00,0.09364086964543775,-0.9784514058472036,2.967555478605645e-09,3.945554658790684e-07
2016-12-27 07:00:00,-0.6808869989242865,-0.6648991267131865,1.679218705907735e-07,2.3564001975250648e-07
2016-12-27 07:30:00,-0.06926441287481595,-0.9568966414677689,1.5099460402933665e-09,3.5379894110804554e-07
2016-12-27 08:00:00,-1.1507217405828607,-0.7815113657239607,7.843584798535054e-07,4.852694477865284e-07
2016-12-27 08:30:00,-0.8882095410741433,-1.0116272400408737,4.2847830854347094e-07,6.69054190683585e-07
2016-12-27 09:00:00,-1.6445154400988544,-0.9793368327328584,1.9415331063201395e-06,8.382127284376943e-07
2016-12-27 09:30:00,-1.5364527906428382,-1.2540188077934233,1.0941178082797437e-06,8.254658201959339e-07
2016-12-27 10:00:00,-0.526822188304545,-1.2086549560271025,7.209639654883919e-07,4.33636415535286e-06
2016-12-27 10:30:00,-1.4594198611427605,-1.1180943976276194,3.7416566198719823e-06,2.5623762899634844e-06
2016-12-27 11:00:00,-1.8459418562002101,-1.288806317707568,4.120394836711614e-06,2.260620803786155e-06
2016-12-27 11:30:00,-0.8937204964252055,-1.4902520231434666,8.149067367070403e-07,2.478508711930907e-06
2016-12-27 12:00:00,-1.6007289378331009,-1.200886253480275,2.068924336447688e-06,1.3327596377555017e-06
2016-12-27 12:30:00,-1.392487293202382,-1.3437680911527998,1.4962816509759015e-06,1.5542862358677338e-06
2016-12-27 13:00:00,-1.4814255375239738,-1.3698443642476055,1.5763086659098396e-06,1.4975355758227803e-06
2016-12-27 13:30:00,-1.4549989357372812,-1.5500126126323415,1.4777727472593996e-06,1.8226012784225033e-06
2016-12-27 14:00:00,-0.9510984062176541,-1.4970540962639511,7.052253796487913e-07,1.9097675516653897e-06
2016-12-27 14:30:00,-1.5078752564203994,-1.3721216747699116,3.89417821852036e-06,3.581618108135193e-06
2016-12-27 15:00:00,-1.3864041626024028,-1.4430331715096272,1.9603537332481697e-06,2.336392617958675e-06
2016-12-27 15:30:00,-1.5090309257440044,-1.4118157635722008,3.3040502472890054e-06,3.1945407969975764e-06
2016-12-27 16:00:00,-1.2298731725840957,-1.3992489097017633,2.8848298513540787e-06,4.131738871580558e-06
2016-12-27 16:30:00,-0.13643469028026795,-1.1621545643518276,9.116718670032811e-09,7.635844866440587e-07
2016-12-27 17:00:00,-0.6624597670612307,-0.7632274199436346,1.1832469398181131e-07,2.1326936198286753e-07
2016-12-27 17:30:00,-0.322103130899302,-1.0411498402631112,1.3733443870502723e-08,1.7108410680081786e-07
2016-12-27 18:00:00,-0.7184175365642091,-0.8023448828537247,6.216855381377395e-08,1.0265388156324405e-07
2016-12-27 18:30:00,-1.6468809661382262,-1.289546168357353,4.047112717418566e-06,2.7924713063876576e-06
2016-12-27 19:00:00,-0.762921918724606,-1.0308562750008003,1.701822364698177e-07,3.716615404993251e-07
2016-12-27 19:30:00,-0.5977098750516421,-1.0006096588128086,1.1109350789156236e-07,3.7616979436978267e-07
2016-12-27 20:00:00,-0.716887109019157,-0.8112864136558218,1.0454878182523995e-07,1.7630594941234386e-07
2016-12-27 20:30:00,-1.2925217431114615,-0.852492474889742,5.943956437101179e-07,3.3274640970314953e-07
2016-12-27 21:00:00,-0.02824275460608258,-0.9924757710711336,2.6029193315506595e-10,3.894603320641141e-07
2016-12-27 21:30:00,-0.22816871379114445,-0.6657891710755293,1.5962023488872224e-08,1.998285567044824e-07
2016-12-27 22:00:00,-1.2960792198764528,-0.640097981421764,4.496279376147429e-07,1.65470330311171e-07
2016-12-27 22:30:00,-0.467195304568122,-0.9742764338850423,4.674690908515251e-08,2.4794104341081337e-07
2016-12-27 23:00:00,-0.021461768814930983,-0.7938399385527019,1.084820466100534e-10,1.9752024481780848e-07
2016-12-27 23:30:00,-0.3093937174121707,-0.5478195188274265,1.9100078201733828e-08,1.0147831957087042e-07
2016-12-28 00:00:00,-0.5630621536091761,-0.6142704405664186,6.7943635170303e-08,1.255418435387308e-07
2016-12-28 00:30:00,-0.7286699318913852,-0.8370596363677251,1.342531231517084e-07,2.298771125237522e-07
2016-12-28 01:00:00,-1.0059774516514026,-0.6764137193481479,2.0257469251345146e-07,1.333184879594954e-07
2016-12-28 01:30:00,-0.6415797007080248,-0.8038914826107956,1.1439426017252269e-07,2.3753388078004487e-07
2016-12-28 02:00:00,-0.8532220884482054,-0.7858093798514146,1.665770944255617e-07,1.889977274093959e-07
2016-12-28 02:30:00,-0.3805389776335114,-0.7779694587063811,7.225592799039246e-08,4.060187766626849e-07
2016-12-28 03:00:00,-0.6371517330266956,-0.6884402886437623,1.4951865981133483e-07,2.5134206969477837e-07
2016-12-28 03:30:00,-0.4858326829051713,-0.7679150049545008,2.242142491605805e-07,7.582017992137785e-07
2016-12-28 04:00:00,-0.2926421380166343,-0.6720963475089448,5.871455937419365e-08,4.526271901341192e-07
2016-12-28 04:30:00,-0.28865699653869126,-0.730399101312939,4.334858957043829e-08,3.860028941197227e-07
2016-12-28 05:00:00,-0.25956748589393136,-0.5491916845677867,2.6764085038135813e-08,2.0262658804322567e-07
2016-12-28 05:30:00,-0.7402853702640921,-0.5077266844142505,2.305949625320495e-07,1.9619222033180276e-07
2016-12-28 06:00:00,-0.24678653388587582,-0.8043725409360343,2.1111717166315233e-08,2.9654877644174817e-07
2016-12-28 06:30:00,-0.05939113827870935,-0.6121143320816699,1.214829057266844e-09,2.0084429594930668e-07
2016-12-28 07:00:00,-0.46632230135928815,-0.5292508293329282,7.702170767630522e-08,1.7305276728431819e-07
2016-12-28 07:30:00,-0.5446699434077388,-0.584867733236024,8.817477092990683e-08,1.636331427066138e-07
2016-12-28 08:00:00,-0.9633584586342857,-0.6576545622966545,5.401002141212177e-07,3.7303250882593557e-07
2016-12-28 08:30:00,-1.1314038154632582,-0.7464158716246228,6.804456480852111e-07,4.0697451620587074e-07
2016-12-28 09:00:00,-1.2848868376564127,-0.9483951394291358,1.0617535554860209e-06,7.125346568313502e-07
2016-12-28 09:30:00,-0.3027051890959687,-1.11685447471198,3.980629947665798e-08,6.324492344955578e-07
2016-12-28 10:00:00,-0.11053369779842723,-0.7990283519338605,3.08549115669356e-08,2.1388406752232144e-06
2016-12-28 10:30:00,-0.04568543641252078,-0.5627719286258168,3.588147667875477e-09,9.028792566734626e-07
2016-12-28 11:00:00,-0.7052123247035432,-0.5330952861852911,5.782499152157331e-07,5.728340428809964e-07
2016-12-28 11:30:00,-0.5068650982412455,-0.7183398495332135,2.5925674924832705e-07,7.310995617312302e-07
2016-12-28 12:00:00,-0.8483250876190345,-0.6656846690599232,5.557735803164803e-07,5.0322515727977e-07
2016-12-28 12:30:00,-0.027918794669860667,-0.6181731697934217,5.998093014170396e-10,4.5448922302738275e-07
2016-12-28 13:00:00,-0.021461768814930983,-0.1970543062436021,3.264935100540353e-10,1.7529871356791108e-07
2016-12-28 13:30:00,-0.014514335302057264,-0.16335930892023914,1.4601296258223968e-10,1.629913585986816e-07
2016-12-28 14:00:00,-0.5580186580611709,-0.3054049348387688,2.4295549287730215e-07,2.3543650727433711e-07
2016-12-28 14:30:00,-0.7360673801943691,-0.5049590693772308,9.342486492531717e-07,7.991700378179128e-07
2016-12-28 15:00:00,-0.299221005914927,-0.40280159032570595,9.14459323258063e-08,3.7864493161290944e-07
2016-12-28 15:30:00,-0.48509789715301943,-0.4519038080090058,3.361658530733254e-07,5.895516746897972e-07
2016-12-28 16:00:00,-0.10419205622216549,-0.532878684933946,2.027517227230005e-08,9.196970255523239e-07
2016-12-28 16:30:00,-0.014514335302057264,-0.4181147784292698,1.0377967636431602e-10,1.888218115875442e-07
2016-12-28 17:00:00,-0.6361767526833633,-0.4581712871458574,1.086424302800935e-07,1.1231358205098915e-07
2016-12-28 17:30:00,-0.40748744232209044,-0.4798980328371534,2.229925824782275e-08,5.89259830183751e-08
2016-12-28 18:00:00,0.011692441904118589,-0.6035761112024887,1.623835531129009e-11,6.803297611420715e-08
2016-12-28 18:30:00,-0.626812560016225,-0.5890230233235793,1.7511075751016607e-07,2.4754953499289956e-07
2016-12-28 19:00:00,0.0726505053720588,-0.497616636962492,1.139689724225808e-09,9.848446720462137e-08
2016-12-28 19:30:00,0.029215240584616678,-0.3485130304051355,2.391622415737445e-10,9.244959743855748e-08
2016-12-28 20:00:00,-0.09556482517343208,-0.20184520302439934,1.645932623032683e-09,4.4915296588049186e-08
2016-12-28 20:30:00,-0.07645344230384617,-0.33110216231015455,2.032973567246081e-09,1.1063881874352347e-07
2016-12-28 21:00:00,-0.01816270011818264,-0.23295954213468106,1.0821011197699277e-10,8.618729188483088e-08
2016-12-28 21:30:00,0.0726505053720588,-0.11816160077543543,1.655514099776979e-09,6.976935930926638e-08
2016-12-28 22:00:00,-0.27574021303505836,-0.20476903649477718,1.9846845678357267e-08,6.536367762482531e-08
2016-12-28 22:30:00,-0.2623443241462435,-0.38694217487110305,1.4404057737588175e-08,7.49665081810801e-08
2016-12-28 23:00:00,-0.4523750889070124,-0.39173233235810956,4.779837535576373e-08,8.453577028540863e-08
2016-12-28 23:30:00,0.07224040650612952,-0.39672609121617214,1.0088421673284312e-09,7.07272384685578e-08
2016-12-29 00:00:00,-0.6340522038835869,-0.26968813208365877,8.446708446583597e-08,5.908327037334446e-08
2016-12-29 00:30:00,-0.493849208824106,-0.3625233989953786,5.938557059511714e-08,8.276414983383743e-08
2016-12-29 01:00:00,-0.41911899222639537,-0.28807014047559953,3.309011447314163e-08,5.490387812222058e-08
2016-12-29 01:30:00,-0.11405237492789279,-0.3156553903315832,3.433852141676547e-09,8.133635236362963e-08
2016-12-29 02:00:00,0.0856694053078671,-0.2506192446927441,1.592374741878123e-09,5.88601042420182e-08
2016-12-29 02:30:00,-0.23380504538336164,-0.10358152970117995,2.7400072988841493e-08,1.0987389200150518e-07
2016-12-29 03:00:00,0.09380356135117061,-0.24808774784008936,3.0550059632249663e-09,9.37507775664428e-08
2016-12-29 03:30:00,0.07158847765690507,-0.03531793731616909,4.7942014249515494e-09,1.9618989775594534e-07
2016-12-29 04:00:00,-0.4962751727904264,-0.13737601888848822,1.6062525723123015e-07,1.4827230328131066e-07
2016-12-29 04:30:00,-0.22800888457187868,-0.35149605756929697,2.5094832075535215e-08,1.6026993116917072e-07
2016-12-29 05:00:00,-0.22431131535875934,-0.3144840559750513,1.8887092746199907e-08,1.1538062641329822e-07
2016-12-29 05:30:00,-0.39394712331581044,-0.1732625964392334,6.037853682950901e-08,9.278708366726522e-08
2016-12-29 06:00:00,-0.38046111240699354,-0.38138121498426386,4.7773592067588574e-08,1.1681045398370869e-07
2016-12-29 06:30:00,-0.3346364673868266,-0.4374840209380637,3.682833029412045e-08,1.3150805133982802e-07
2016-12-29 07:00:00,-0.3067932611466918,-0.3675927641456059,3.269117845668419e-08,1.19341789399853e-07
2016-12-29 07:30:00,-0.49682893306755177,-0.39678272810744464,7.20733865994045e-08,1.0684110030624744e-07
2016-12-29 08:00:00,-1.5374959943417805,-0.42262356465018974,1.3699287130910205e-06,2.2432522303845395e-07
2016-12-29 08:30:00,-0.6174192365422331,-0.7722756770472595,1.9594101866960414e-07,4.1371305400785536e-07
2016-12-29 09:00:00,-0.5135012713785293,-0.6629930253371813,1.6811886633495173e-07,4.131733618132216e-07
2016-12-29 09:30:00,0.023450673891847785,-0.5796905247193055,2.2320907971865215e-10,2.2101037356439382e-07
2016-12-29 10:00:00,-0.3487020305407332,-0.4522974294655523,3.073112187055822e-07,1.043928869348468e-06
2016-12-29 10:30:00,0.0438908116797025,-0.523723060416287,3.205975303571616e-09,8.034258600666256e-07
2016-12-29 11:00:00,-0.12872758491804917,-0.2621620184425732,1.913100752665752e-08,3.20033471541777e-07
2016-12-29 11:30:00,-0.007154130889344918,-0.283908609594094,5.0232269985852235e-11,2.8371813967714797e-07
2016-12-29 12:00:00,0.09380356135117061,-0.2508391218033291,6.538463524182151e-09,2.0166975804725774e-07
2016-12-29 12:30:00,-0.03627497067008443,-0.18091063707861438,1.0686418206097065e-09,1.958860729054076e-07
2016-12-29 13:00:00,-0.12183894251368041,-0.17785876095849854,1.069496071126636e-08,1.729882353164606e-07
2016-12-29 13:30:00,-1.4372651776362617,-0.23794505968352042,1.4595469835161355e-06,1.8730259043691864e-07
2016-12-29 14:00:00,-0.2856328368703635,-0.5849666870619717,6.382536428321594e-08,4.3078650903611616e-07
2016-12-29 14:30:00,-0.8436190245556693,-0.5490307764594242,1.2082800949212544e-06,8.657031968509023e-07
2016-12-29 15:00:00,-0.4777688351461338,-0.586942163246274,2.298415224907288e-07,5.568009085128412e-07
2016-12-29 15:30:00,-0.9268610870185571,-0.5283749131317376,1.1747238853855326e-06,6.668375359906408e-07
2016-12-29 16:00:00,-1.196729480518789,-0.6865938040590122,2.614157170352987e-06,1.241013282905684e-06
2016-12-29 16:30:00,-0.3825136942484082,-0.7314010240729308,6.947147275254366e-08,3.5297889533589053e-07
2016-12-29 17:00:00,-0.44876862112789784,-0.6281685217441434,5.368110913647408e-08,1.607479323332957e-07
2016-12-29 17:30:00,-1.2129854693774293,-0.6712319596746622,1.9644049666975915e-07,8.798808429424154e-08
2016-12-29 18:00:00,-0.621999410878515,-0.8697515960972417,4.71988105650613e-08,1.177207731333483e-07
2016-12-29 18:30:00,-1.114745509455824,-1.1415518389309505,5.519804546400142e-07,6.714502878608387e-07
2016-12-29 19:00:00,-0.09648688694645485,-0.7101816701451141,1.933967029854561e-09,1.4808150931751714e-07
2016-12-29 19:30:00,-0.053884830480895186,-0.47970498808253437,8.068561601984137e-10,1.2187778793157763e-07
2016-12-29 20:00:00,0.09380356135117061,-0.32971288363096674,1.5708393137948862e-09,5.6624945827791216e-08
2016-12-29 20:30:00,0.10345294866470196,-0.22203681368015674,3.687213059409376e-09,8.880867745311423e-08
2016-12-29 21:00:00,-0.7347289000386686,-0.22734098870623032,1.8123372193364939e-07,8.734237888994729e-08
2016-12-29 21:30:00,-0.5904555384053342,-0.38967984438086467,1.0909061469641742e-07,1.1274802469801179e-07
2016-12-29 22:00:00,-0.011105866096411511,-0.42501752471435317,3.0870938301732344e-11,9.739212443088576e-08
2016-12-29 22:30:00,0.16383900388719422,-0.2796149028615339,5.418459911091244e-09,5.786407017029546e-08
2016-12-29 23:00:00,0.17783853355994042,-0.22543530863445882,7.295459605083388e-09,5.981338713668016e-08
2016-12-29 23:30:00,0.22425763715223154,-0.22451251683497297,9.472661162321401e-09,4.8761719190963535e-08
2016-12-30 00:00:00,0.18454283663733845,-0.1495212095205876,6.993580852396919e-09,4.740260180907117e-08
2016-12-30 00:30:00,0.23592063615576347,-0.10236168208106983,1.2924527555268714e-08,5.08434900917524e-08
2016-12-30 01:00:00,0.24008383883362985,-0.04681820312592697,1.0507736106759082e-08,3.840445269328408e-08
2016-12-30 01:30:00,-0.26326839733648427,0.03052137681079688,1.55687142817273e-08,4.703784885276081e-08
2016-12-30 02:00:00,0.15547491354288795,-0.23992132513010717,5.102456940253119e-09,5.615683551885166e-08
2016-12-30 02:30:00,-1.4061282411755827,-0.07474113083251206,9.95686874538025e-07,1.0779852075757591e-07
2016-12-30 03:00:00,-0.043950445758194165,-0.4726970362174775,6.725973760140904e-10,1.5039392936037498e-07
2016-12-30 03:30:00,-0.7539950027683202,-0.24736988689358258,5.22460070683038e-07,2.4782505932431614e-07
2016-12-30 04:00:00,-0.3560677205436378,-0.4007802832302482,8.052807165942817e-08,2.3443746456712666e-07
2016-12-30 04:30:00,-0.5596162033887823,-0.44636759495744893,1.487017010437855e-07,1.9359642307345023e-07
2016-12-30 05:00:00,-0.14989461269607107,-0.5282062853206405,8.20010218545701e-09,1.7791069294549982e-07
2016-12-30 05:30:00,-0.706279182487391,-0.39824161445435496,1.825889700144298e-07,1.3436103341883104e-07
2016-12-30 06:00:00,-0.2816351153302641,-0.5150623143037875,2.5278423296673917e-08,1.5098695979375308e-07
2016-12-30 06:30:00,-0.11017494156205598,-0.4099720514044848,3.911826514884186e-09,1.213500710342135e-07
2016-12-30 07:00:00,-0.8546718735189508,-0.3214383593299706,2.532792368138411e-07,1.081122310985656e-07
2016-12-30 07:30:00,0.25375728843573453,-0.5125863914888953,1.837999508323148e-08,1.3450323208441487e-07
2016-12-30 08:00:00,-1.0180845723512746,-0.23548332347120748,5.901057791422427e-07,1.5026164140306427e-07
2016-12-30 08:30:00,-0.5163444141072994,-0.5119683035955208,1.3708984577210993e-07,2.419728658691494e-07
2016-12-30 09:00:00,-1.0036134115154267,-0.5032092696244139,6.31831503159311e-07,2.8961695801527687e-07
2016-12-30 09:30:00,-0.24658322550822606,-0.61018973318418,2.4362297823614785e-08,2.3271444828578104e-07
2016-12-30 10:00:00,0.25786025975711835,-0.3367161456554449,1.613080465476205e-07,7.808105499415635e-07
2016-12-30 10:30:00,0.011420115568898319,-0.17003990688683995,2.031707097038343e-10,3.698124884696033e-07
2016-12-30 11:00:00,0.19687544275031368,-0.20645075257261084,3.917009387580948e-08,2.5375491832000026e-07
2016-12-30 11:30:00,-0.37419419350716077,-0.2916984550901102,1.2743050486679428e-07,2.6716647821718874e-07
2016-12-30 12:00:00,0.2839475990640253,-0.3159881947484371,5.709283494326802e-08,2.1832987913876174e-07
2016-12-30 12:30:00,0.15352585381549258,-0.20001785021892957,1.8829634150857448e-08,1.9850690273656099e-07
2016-12-30 13:00:00,0.2950204447235231,-0.14930388413094978,5.740646351887299e-08,1.522058443705362e-07
2016-12-30 13:30:00,-0.2623631147976186,0.007876176746148116,4.4933173390520174e-08,1.3612773789325348e-07
2016-12-30 14:00:00,0.2778623824475673,-0.18628447692629946,5.7175346944797e-08,1.8008322384998494e-07
2016-12-30 14:30:00,-0.9673684571345128,-0.10808514158476862,1.5496892065707962e-06,3.6458252354732066e-07
2016-12-30 15:00:00,0.3177461335057202,-0.32308264872884046,9.888483168317036e-08,3.0641980004083543e-07
2016-12-30 15:30:00,-0.07162885873321037,0.15717000162172343,6.82277924845085e-09,3.100797668908535e-07
2016-12-30 16:00:00,0.3177461335057202,-0.09254921597129329,1.7682114208416639e-07,3.8011583642192625e-07
2016-12-30 16:30:00,0.3669697662378194,0.0036025044501913983,6.231704524490618e-08,9.64782018405201e-08
2016-12-30 17:00:00,0.3708789308268515,0.04484051805558504,3.57529250058002e-08,5.471062474599246e-08
2016-12-30 17:30:00,0.38782772654207776,0.1420291222845184,1.978749370325326e-08,3.008020814233366e-08
2016-12-30 18:00:00,0.41524610387353506,0.020275105084577093,2.1010504511565518e-08,2.5452869146746927e-08
2016-12-30 18:30:00,-0.16247807383614873,-0.3081077648459739,1.1642877423913288e-08,1.338121059917922e-07
2016-12-30 19:00:00,-0.15713511026214994,-0.1613221838555162,5.21501721467421e-09,4.952831240723652e-08
2016-12-30 19:30:00,-0.43793332860118506,-0.31272519404865945,5.361399824210699e-08,8.561913863836968e-08
2016-12-30 20:00:00,-0.24507540253521562,-0.09619128210735944,1.0767143521476354e-08,3.903162948788489e-08
2017-01-01 18:30:00,-1.1131728502786598,0.0006831055023236919,5.292199351416766e-07,8.90364506943155e-08
2017-01-01 19:00:00,-0.3590122115463031,-0.3098073589281405,2.589414778534877e-08,6.11657700557459e-08
2017-01-01 19:30:00,-0.6571499647479256,-0.06886008974343255,1.1689387056929272e-07,5.771462275156631e-08
2017-01-01 20:00:00,-0.1775314722742339,-0.23843837011654978,5.2810199241738695e-09,4.4458155250830034e-08
2017-01-01 20:30:00,-0.9188276600513695,-0.08340580728637619,2.968766642093245e-07,7.575635014646468e-08
2017-01-01 21:00:00,-0.8456468554252063,-0.4651195418770089,2.337243697123587e-07,1.388426197766581e-07
2017-01-01 21:30:00,-0.802708931849034,-0.4764299704604343,2.0174111109883608e-07,1.3634145078672633e-07
2017-01-01 22:00:00,-0.5839376402133972,-0.6456886044661426,8.578275573886805e-08,1.5733225503249692e-07
2017-01-01 22:30:00,-0.4011034333611702,-0.6164691723240018,3.371133291963153e-08,1.233153457957236e-07
2017-01-01 23:00:00,-0.515669464385974,-0.4246011713254859,6.248293064275838e-08,9.134871514499684e-08
2017-01-01 23:30:00,-0.31789172858194925,-0.4413109226772517,1.948422953473346e-08,7.774616141902275e-08
2017-01-02 00:00:00,-0.3774909082501973,-0.3898394991712066,2.9162272829844036e-08,7.37656725874516e-08
2017-01-02 00:30:00,-0.5411090656548823,-0.30765159376223294,7.057265549862213e-08,7.306160194289923e-08
2017-01-02 01:00:00,-0.29146281728669643,-0.42470768827148175,1.595192753176619e-08,7.30183110181933e-08
2017-01-02 01:30:00,-0.4298270948390397,-0.3336401782119957,3.984054495082291e-08,6.896120711989789e-08
2017-01-02 02:00:00,-0.4050753826488951,-0.33652179202080507,3.451913171821368e-08,6.768151007591367e-08
2017-01-02 02:30:00,-1.241640473888341,-0.33652179202080507,7.486787143600078e-07,1.5623763012535037e-07
2017-01-02 03:00:00,-0.9043860194528073,-0.6955384919272205,2.8349388519643723e-07,2.399378680088385e-07
2017-01-02 03:30:00,-1.8529679732980902,-0.6963613650180892,3.072810299452894e-06,6.205555568000852e-07
2017-01-02 04:00:00,-1.4851514206596637,-1.2033651835245207,1.3664718662312897e-06,1.026283529541253e-06
2017-01-02 04:30:00,-1.150179305728928,-1.230914146495522,5.862917489946303e-07,7.638808211047134e-07
2017-01-02 05:00:00,-0.9480615785121086,-1.3117149870196136,3.2544466980184774e-07,6.984776823394769e-07
2017-01-02 05:30:00,-0.9194530368123384,-1.014223756648643,2.974668956196486e-07,4.3530472519580567e-07
2017-01-02 06:00:00,-0.8076005028312427,-1.014223756648643,2.0520869621875886e-07,3.892390851303346e-07
2017-01-02 06:30:00,-0.8077022528408037,-0.9312927654050989,2.05281294489067e-07,3.3850969692599467e-07
2017-01-02 07:00:00,-0.8791353236138456,-0.8853049524683606,2.612048510820947e-07,3.3534114735463746e-07
2017-01-02 07:30:00,-0.7295986438973835,-0.8997630993955885,1.549154950007258e-07,2.962754988250962e-07
2017-01-02 08:00:00,-1.3896110647609279,-0.8103212346565055,1.0873092989833735e-06,4.871145340553308e-07
2017-01-02 08:30:00,-1.2871819486321883,-1.1083273667305504,8.420968766036418e-07,7.3029492343373e-07
2017-01-02 09:00:00,-1.269392962058143,-1.0170571304066376,8.045419408076263e-07,6.205633274074795e-07
2017-01-02 09:30:00,-0.9541864632128766,-1.0526511595152854,3.3168862316310663e-07,4.796247158451588e-07
2017-01-02 10:00:00,-1.8580806332098898,-0.9556651596764011,9.077639836529221e-06,2.9494996995281887e-06
2017-01-02 10:30:00,-1.8580806332098898,-1.8740612283636557,5.181969269526081e-06,5.5844001537575645e-06
2017-01-02 11:00:00,-1.8580806332098898,-1.8901968409182315,3.507822394193172e-06,3.841951833435146e-06
2017-01-02 11:30:00,-1.8531216898891185,-1.9248802186764,3.082783087176744e-06,3.513305677953258e-06
2017-01-02 12:00:00,-1.6276793865418495,-1.9248802186764,1.8927622282318891e-06,2.796012973233695e-06
2017-01-02 12:30:00,-1.7597997813587025,-2.0209213119497886,2.525015282012291e-06,3.4999174263033937e-06
2017-01-02 13:00:00,-1.5759475891922057,-2.04310211190363,1.6849035291548687e-06,2.973291027594263e-06
2017-01-02 13:30:00,-1.42679200610768,-1.71985456011744,1.189694319071499e-06,1.8504462978668792e-06
2017-01-02 14:00:00,-1.6479260868958037,-1.7290067090413015,2.074979745882866e-06,2.443479674781261e-06
2017-01-02 14:30:00,-1.6479260868958037,-1.8721223820313515,4.482668261196899e-06,6.1294753127776615e-06
2017-01-02 15:00:00,-1.6479260868958037,-1.8915905175909438,2.8719431929056777e-06,4.004504076560276e-06
2017-01-02 15:30:00,-1.669137661343431,-1.8619141356791271,3.7840487032677423e-06,4.991756608014264e-06
2017-01-02 16:00:00,-1.6981155223126903,-1.8625443954340852,5.2241777439258554e-06,6.66256986655597e-06
2017-01-02 16:30:00,-1.2918323097633875,-1.3749517457216662,8.521461501622684e-07,1.0717849727324018e-06
2017-01-02 17:00:00,-0.6324772680441094,-1.0696448730427037,1.0564218798554914e-07,3.5720874870990384e-07
2017-01-02 17:30:00,-0.018710508665962987,-0.8313196108198279,5.004529082164025e-11,1.285956052238589e-07
2017-01-02 18:00:00,0.1591579006686931,-0.3007272567815526,3.031106277021899e-09,3.5767555988964786e-08
2017-01-02 18:30:00,0.4689232708634325,-0.15512424775912417,9.346744460730274e-08,9.884470935306113e-08
2017-01-02 19:00:00,0.2405041373628772,0.2791071116304202,1.1853254252976073e-08,5.868541290746319e-08
2017-01-02 19:30:00,0.49170704853849645,0.24431740721432582,6.565049157986003e-08,7.281658358108022e-08
2017-01-02 20:00:00,0.5431887554719894,0.4533033594764471,4.8473362698948615e-08,6.800797216198355e-08
2017-01-02 20:30:00,0.0874661215442984,0.42605148053082326,2.528672390030852e-09,1.2890588108880446e-07
2017-01-02 21:00:00,0.6007403829507446,0.0526315074803275,9.830752206792403e-08,5.7544201046000186e-08
2017-01-02 21:30:00,0.1008788436298859,0.08910706355752736,2.9720656284423633e-09,6.32044319349227e-08
2017-01-02 22:00:00,-0.061508751533160204,0.039901436743069944,8.992192709042999e-10,4.992887245368534e-08
2017-01-02 22:30:00,0.37498960810447307,-0.1270714312687329,2.8796051657475065e-08,4.5999045506077945e-08
2017-01-02 23:00:00,0.18785577532006134,-0.0866432523857938,7.985612069699476e-09,4.8874081215656005e-08
2017-01-02 23:30:00,-0.22993942545768256,-0.14445500878091633,9.907929859008816e-09,4.297756792110097e-08
2017-01-03 00:00:00,-0.5658489111538411,-0.25180343130901695,6.295565102882546e-08,5.345796443778475e-08
2017-01-03 00:30:00,0.45622296876984936,-0.34914452346969393,4.904131530818869e-08,7.784284279723399e-08
2017-01-03 01:00:00,0.49910827478970843,-0.03020953197086139,4.493900497441992e-08,3.7773462475877223e-08
2017-01-03 01:30:00,0.16106220580008446,0.09329774133901073,5.470327954732115e-09,4.579801646368313e-08
2017-01-03 02:00:00,-0.3697487468880612,-0.10479258063600494,2.6945224752690106e-08,4.3253236813472264e-08
2017-01-03 02:30:00,-0.0028433762289964888,-0.19419017302006752,2.2060412063033986e-12,6.717502692983508e-08
2017-01-03 03:00:00,0.6049886351856578,-0.07459790035578753,1.0374746405424664e-07,6.067077455295334e-08
2017-01-03 03:30:00,-0.405129591241332,0.09045743131396951,1.1241803646360243e-07,1.483965191368532e-07
2017-01-03 04:00:00,0.10479803355898891,-0.21317400567820946,5.007084413549046e-09,1.1576411687892155e-07
2017-01-03 04:30:00,0.6322183703416913,-0.08362717252799493,1.5332611776756784e-07,8.265469975533104e-08
2017-01-03 05:00:00,0.5276171944892499,0.22652817455745583,9.234690359657599e-08,8.618038614087923e-08
2017-01-03 05:30:00,0.2229964335880132,0.13129101804538781,1.5578105841457564e-08,7.070918922455209e-08
2017-01-03 06:00:00,-0.2762060108148488,0.08773596300169174,2.3254834990843437e-08,6.589454878718387e-08
2017-01-03 06:30:00,0.673846426770947,-0.15627061787737848,1.3341453905298554e-07,6.842961714046675e-08
2017-01-03 07:00:00,0.20957496906084175,0.27424245832439365,1.3922363757432193e-08,8.992289503561314e-08
2017-01-03 07:30:00,0.36858864434482075,0.04117916222387189,3.8480931943222664e-08,5.9529986397328915e-08
2017-01-03 08:00:00,-0.5936015796990461,0.038192318736780244,1.949556439158955e-07,1.161527955965199e-07
2017-01-03 08:30:00,-0.41777550650414585,-0.25590461223654143,8.744573983316084e-08,1.372602394634477e-07
2017-01-03 09:00:00,-1.131795125995705,-0.13307075338257834,6.134248386823033e-07,1.0831462369348407e-07
2017-01-03 09:30:00,-0.2895287130479896,-0.4107444677068873,3.006879630666758e-08,1.352973837715241e-07
2017-01-03 10:00:00,0.3207341829110991,-0.25559266432243105,2.5719106909181313e-07,6.845488072550095e-07
2017-01-03 10:30:00,0.686587323163476,-0.04338233304930645,6.652675403332386e-07,2.968682006527736e-07
2017-01-03 11:00:00,0.764493788433871,0.15304365575631382,5.697541047519213e-07,2.2606693938070507e-07
2017-01-03 11:30:00,0.7801912944265363,0.2317931430238918,5.125027896314807e-07,2.2076656601087e-07
2017-01-03 12:00:00,0.8126699176466096,0.5006812043868958,4.3654139298113746e-07,3.0350008780505525e-07
2017-01-03 12:30:00,0.7232565872987797,0.5387162680796141,3.984640524008658e-07,3.798708734028375e-07
2017-01-03 13:00:00,0.8301372777139511,0.37550066954575273,4.3237396395657636e-07,2.1926932728061127e-07
2017-01-03 13:30:00,0.3881775720163604,0.49249797300490034,8.55758895562533e-08,2.5615104561100495e-07
2017-01-03 14:00:00,0.0741362440005948,0.27518673836942553,4.128870549994725e-09,2.135009266757637e-07
2017-01-03 14:30:00,-0.47824686641720654,0.3140489096145271,3.6996304440654155e-07,4.967497005322995e-07
2017-01-03 15:00:00,-0.2312554203013318,-0.14964085646801933,5.497164222118964e-08,2.3731171144001806e-07
2017-01-03 15:30:00,-0.39719384218058573,-0.12265934387287739,2.103226875721192e-07,2.9798875905324966e-07
2017-01-03 16:00:00,0.3907829247916704,-0.19635428042069558,2.6997066650721276e-07,4.367136122501526e-07
2017-01-03 16:30:00,-0.2788402356345505,-0.055304765464583946,3.903078256431081e-08,1.0618853896100076e-07
2017-01-03 17:00:00,-0.3791624375927818,-0.27031068592537766,3.736622972530415e-08,7.317700020106112e-08
2017-01-03 17:30:00,-0.6143206300429717,-0.3825742569033548,5.50139518713307e-08,5.1726603020624603e-08
2017-01-03 18:00:00,-0.6791618897156901,-0.35861017855057525,5.739211208490764e-08,4.194062843532844e-08
2017-01-03 18:30:00,-1.6298691079239982,-0.7396008738707643,4.000885422383494e-06,1.13782825265243e-06
2017-01-03 19:00:00,0.5846350756198784,-0.7294000502210622,7.296706487121166e-08,1.5808199467965003e-07
2017-01-03 19:30:00,-0.34596366484681956,-0.18868762310220744,3.544666221880267e-08,7.228441356920654e-08
2017-01-03 20:00:00,0.15496077314237888,-0.3023538255678936,4.991543659400171e-09,6.233884294273943e-08
2017-01-03 20:30:00,0.0030094447151337374,-0.039506435411218434,2.999605878248407e-12,6.956432615530765e-08
2017-01-03 21:00:00,-0.2657754902892683,-0.13756948325700694,2.039822378103031e-08,6.566824221331995e-08
2017-01-03 21:30:00,-0.15405079001065233,-0.1322435598657757,6.810070070858636e-09,6.48430592715263e-08
2017-01-03 22:00:00,-0.6543645071417067,-0.18466511835459903,1.0132164457754487e-07,5.740009254042335e-08
2017-01-03 22:30:00,-0.5136114853262286,-0.29332502469645205,5.42147253667649e-08,6.05279463047765e-08
2017-01-03 23:00:00,0.4625802862371066,-0.24365741428570065,4.80342629266391e-08,6.012570570093864e-08
2017-01-03 23:30:00,0.5903643717646002,0.0579186873574443,6.409102370787088e-08,3.8953401942761736e-08
2017-01-04 00:00:00,-0.040041194083269824,-0.01209953755707914,3.076745328354943e-10,4.0034855149053696e-08
2017-01-04 00:30:00,-0.13921579914690219,-0.08459539843317215,4.652229889742355e-09,5.17604353388545e-08
2017-01-04 01:00:00,-0.17067547544901174,-0.10722539156639989,5.518981398270974e-09,4.1676040760013926e-08
2017-01-04 01:30:00,0.24153189291242255,-0.06567029095543254,1.2386256590951762e-08,4.517927469007115e-08
2017-01-04 02:00:00,0.2553735976107637,0.05233020013335238,1.2416219561231827e-08,4.021247837592122e-08
2017-01-04 02:30:00,0.08737127171391987,-0.006550317477846489,2.0639871856113227e-09,5.6378684608563933e-08
2017-01-04 03:00:00,-0.14284164481476894,0.06628064882461669,6.076641315549984e-09,6.339666497140655e-08
2017-01-04 03:30:00,-0.0290528522903124,-0.1266437285977996,5.767224278510081e-10,1.5340297170782836e-07
2017-01-04 04:00:00,0.04261809587323135,-0.06465432499836125,8.342524718969237e-10,9.767586158632468e-08
2017-01-04 04:30:00,-0.45302061548425343,-0.09866708876109098,8.706934073857891e-08,9.257765513122956e-08
2017-01-04 05:00:00,0.28508955742642017,-0.18681708923725282,2.795512913340782e-08,8.371004793898053e-08
2017-01-04 05:30:00,0.4093813528845844,-0.08095344609920596,5.07227537482365e-08,6.507954346858713e-08
2017-01-04 06:00:00,0.32122619534971414,-0.006432591731079857,3.0812235163159454e-08,6.226491063153016e-08
2017-01-04 06:30:00,0.3369466075651653,0.010894086006428497,3.405703908844909e-08,6.257311264750106e-08
2017-01-04 07:00:00,-0.23735178910198218,0.04567152928437419,1.797779777991494e-08,6.719408710964974e-08
2017-01-04 07:30:00,-0.7624488901768565,-0.12904627668879126,1.6937653004267848e-07,6.559381920413314e-08
2017-01-04 08:00:00,-0.9386309938874148,-0.2878025799041915,4.848587695424439e-07,1.6031540529958417e-07
2017-01-04 08:30:00,-0.01069692331099398,-0.3384801231907992,5.6971973909819174e-11,1.6084446876161424e-07
2017-01-04 09:00:00,-0.8013787112593868,-0.2010218202669678,3.003275139623789e-07,1.1639100984069852e-07
2017-01-04 09:30:00,-0.9041924927828372,-0.5103428576634443,2.9600359816036465e-07,1.6977716340737762e-07
2017-01-04 10:00:00,0.8455698295929288,-0.4635537495253338,1.8320470644216092e-06,1.0847893941347143e-06
2017-01-04 10:30:00,0.5413469029348478,-0.006922220274241827,4.531571103305271e-07,3.2244316666833257e-07
2017-01-04 11:00:00,0.20823356305779286,0.01658371373689945,4.4470001211898365e-08,2.1408887667912937e-07
2017-01-04 11:30:00,-0.1699293099622774,-0.17454029862802642,2.8370432682265052e-08,2.3475705118658697e-07
2017-01-04 12:00:00,-0.47285887630955625,-0.24177867058026545,1.787850590309963e-07,2.1343720943866333e-07
2017-01-04 12:30:00,-0.48469634804974826,-0.16779616964251234,1.9092382999157437e-07,1.923061346517393e-07
2017-01-04 13:00:00,-1.3916293251772183,-0.3008669483670679,1.3089334912689596e-06,2.0208637070700315e-07
2017-01-04 13:30:00,-1.033508100688323,-0.641472712739069,6.325052247546298e-07,3.6711508134047227e-07
2017-01-04 14:00:00,-0.8973314392127456,-0.6749250942128998,6.235327963846576e-07,5.141874571200599e-07
2017-01-04 14:30:00,-0.03334741533319834,-0.6732607243859737,1.8230843001112273e-09,1.0848763104106655e-06
2017-01-04 15:00:00,-0.19298824857208086,-0.4242747924211195,3.920020415935943e-08,4.088847067064785e-07
2017-01-04 15:30:00,-0.881637204942009,-0.4580275034445636,1.055571761085959e-06,5.680147066342781e-07
2017-01-04 16:00:00,-0.6818139919282373,-0.5862334906643752,8.592147688794725e-07,1.0205247559520194e-06
2017-01-04 16:30:00,-0.3538929698723394,-0.5284580216484992,6.407672149438847e-08,2.49544592432289e-07
2017-01-04 17:00:00,-1.068277265774593,-0.3932580530896356,2.9910952374867506e-07,9.517475724611654e-08
2017-01-04 17:30:00,-0.5725836918661371,-0.6728405216336052,4.6450778417542726e-08,9.367884073951875e-08
2017-01-04 18:00:00,-1.331267876856073,-0.567265425775212,2.2231947671639034e-07,6.651818148378969e-08
2017-01-04 18:30:00,-1.6726435725937279,-1.2691260442305201,3.854689112811389e-06,2.506413298251018e-06
2017-01-04 19:00:00,-0.3723237802411652,-0.8920927000123555,2.9706009992262206e-08,2.1521301196066736e-07
2017-01-04 19:30:00,0.14902558166521754,-0.41114812304962195,6.306949296902766e-09,1.0721021015024464e-07
2017-01-04 20:00:00,-0.13565831656299968,-0.1530630910821705,3.688323203250675e-09,4.647771617741267e-08
2017-01-04 20:30:00,-0.02408890971601042,-0.26291191792215834,1.9589128810784424e-10,9.371262179879027e-08
2017-01-04 21:00:00,-0.11566786228324516,-0.1940400106471712,3.849024790618668e-09,7.080848801139953e-08
2017-01-04 21:30:00,-0.11826462568552527,-0.18675658612503185,4.033358484546309e-09,7.017710903089786e-08
2017-01-04 22:00:00,-0.6364558945752729,-0.21138319685827994,9.341332762829546e-08,5.8380147882543336e-08
2017-01-04 22:30:00,-0.12379269235580981,-0.38600882008956566,3.175009887292996e-09,7.40636755856096e-08
2017-01-04 23:00:00,-0.3283491207350416,-0.2351868161940329,2.5571729502036718e-08,6.256690291199535e-08
2017-01-04 23:30:00,-0.11481238369955611,-0.31974418702145274,2.5246305583168428e-09,5.950846575759427e-08
2017-01-05 00:00:00,-0.5465194511960986,-0.3212306126444295,5.663095549727599e-08,5.9092273884905314e-08
2017-01-05 00:30:00,-0.3387702385648746,-0.3699330209945637,2.749845189216503e-08,8.274227656926667e-08
2017-01-05 01:00:00,-0.4290572843539869,-0.2949965171020276,3.4464363956861036e-08,5.53216996673201e-08
2017-01-05 01:30:00,0.07437958792577802,-0.26676492233086496,1.1892859923968777e-09,6.011421571773357e-08
2017-01-05 02:00:00,0.6292020787084769,-0.12982377338458048,7.467225628779985e-08,4.2500910410634554e-08
2017-01-05 02:30:00,0.519967782431964,0.15274655554375802,7.46707922046771e-08,6.40214087691136e-08
2017-01-05 03:00:00,-0.15525080820097886,0.22562593404565065,7.227882966892693e-09,7.778302673074443e-08
2017-01-05 03:30:00,0.1735339447191688,-0.09115281233468699,2.1036271413975366e-08,1.5143581882708276e-07
2017-01-05 04:00:00,-0.08543923279185354,0.035192409532815404,3.3972455258326055e-09,9.759791615180683e-08
2017-01-05 04:30:00,0.07734290114807296,-0.018162965265412164,2.489605927949941e-09,8.690249831134737e-08
2017-01-05 05:00:00,-0.17128112543197527,-0.04954421977864512,1.0365083669056402e-08,7.452350370842401e-08
2017-01-05 05:30:00,0.781773432161704,-0.16701364292766774,1.9005967649801102e-07,7.350545177589063e-08
2017-01-05 06:00:00,0.5839711402684419,0.18548743688932853,1.0428249090110638e-07,7.427164885999444e-08
2017-01-05 06:30:00,-0.5346675445516753,0.12497563389623108,8.841581837216382e-08,6.930972041233948e-08
2017-01-05 07:00:00,0.1418955245468603,-0.13892522422780326,6.38249899195393e-09,7.220405187044039e-08
2017-01-05 07:30:00,0.011886446747929784,-0.04454846847501716,4.023730107102686e-11,5.993704085874685e-08
2017-01-05 08:00:00,-0.7119670633939373,0.17659337686659338,2.7940998231357485e-07,1.3210514132218593e-07
2017-01-05 08:30:00,-0.8194822026458494,-0.18290989005696828,3.4087524412877407e-07,1.2280318142670747e-07
2017-01-05 09:00:00,0.1915849920868386,-0.3525702212774072,1.6973603955024102e-08,1.538900337327771e-07
2017-01-05 09:30:00,0.42403826787279225,-0.048900796115723774,6.502377234181383e-08,7.625548530953628e-08
2017-01-05 10:00:00,-0.3818399049627871,-0.09416361926141294,4.0738436952901867e-07,6.0727694323727e-07
2017-01-05 10:30:00,-0.3443013660737327,-0.33871719311071913,1.9347329755749657e-07,5.274993729529179e-07
2017-01-05 11:00:00,0.0739547795170707,-0.335251963149662,5.676411492150121e-09,3.330199174994845e-07
2017-01-05 11:30:00,0.8542237854909662,-0.08160577836096737,7.351776771910398e-07,2.1675089583132525e-07
2017-01-05 12:00:00,0.753188772964143,0.4484307296012232,4.470590172317504e-07,3.227610454909413e-07
2017-01-05 12:30:00,-0.12800454387679713,0.44406520510811803,1.3337403586738821e-08,3.3021227870376574e-07
2017-01-05 13:00:00,-0.205251257979957,0.013032872404139835,2.766691396433951e-08,1.3702463212931878e-07
2017-01-05 13:30:00,0.44957785092919933,-0.004706918581114163,9.750866794751635e-08,1.0058551490298427e-07
2017-01-05 14:00:00,-0.36131819512948665,0.1759439204693982,8.598765794260532e-08,1.5770264134148211e-07
2017-01-05 14:30:00,-0.6954505005009719,-0.34794863210183363,7.853250191303396e-07,5.350946502789345e-07
2017-01-05 15:00:00,-0.4750085609561626,-0.4334878513846149,2.411471582911485e-07,4.2364234895459824e-07
2017-01-05 15:30:00,-0.5489000475906566,-0.2861464454413581,3.804645496688084e-07,3.6665534215795377e-07
2017-01-05 16:00:00,-1.0538058338099987,-0.3326163959944792,1.9597445510094105e-06,5.631422476368856e-07
2017-01-05 16:30:00,-0.5242225811499748,-0.5288949046266304,1.3292803913509661e-07,2.361500402728797e-07
2017-01-05 17:00:00,-0.00855159103999719,-0.5108304894379123,1.7947739968994648e-11,1.1520754839487589e-07
2017-01-05 17:30:00,-1.4344483341614245,-0.392454703346967,2.8625227693724265e-07,5.042931559840243e-08
2017-01-05 18:00:00,-1.0396952832698259,-0.7639185763490695,1.3115790320904634e-07,9.610224808778042e-08
2017-01-05 18:30:00,-1.6981155223126903,-1.0816618736830186,3.939094203419412e-06,1.8830363053476512e-06
2017-01-05 19:00:00,-0.49278007959886944,-0.7687164594045697,5.218153681050068e-08,1.7178103518266077e-07
2017-01-05 19:30:00,-0.932031045185152,-0.3699441697811834,2.476087748430648e-07,9.843405337442397e-08
2017-01-05 20:00:00,0.03321319768854602,-0.5466468570253917,2.1793745846421347e-10,1.0022458097875378e-07
2017-01-05 20:30:00,-0.5746500554454642,-0.3018419593474122,1.1444516529952395e-07,1.0382689272232503e-07
2017-01-05 21:00:00,-0.32280149996029944,-0.5025811308353804,2.981636888772269e-08,1.3193031545679782e-07
2017-01-05 21:30:00,-0.6736154163083881,-0.39366487309972426,1.3014879859713408e-07,1.042457468183e-07
2017-01-05 22:00:00,-0.7874086189297083,-0.5439543787947065,1.3283759275232404e-07,1.0805957779871483e-07
2017-01-05 22:30:00,-0.32261109758780027,-0.4969687117866032,2.1022257198778778e-08,9.199518176636478e-08
2017-01-05 23:00:00,-0.545326799309675,-0.3012860923606102,6.880468404639214e-08,6.923685821517153e-08
2017-01-05 23:30:00,-0.8006516977369834,-0.562490491011478,1.218457921931085e-07,9.976454832089856e-08
2017-01-06 00:00:00,-0.6504181089699418,-0.5695561099591991,7.910124468099924e-08,9.963671488178437e-08
2017-01-06 00:30:00,-0.3218803406571076,-0.5489559746162659,2.4417172120592443e-08,1.2015189721794182e-07
2017-01-06 01:00:00,0.12342477074596403,-0.40745323703711706,2.7929491848604587e-09,6.865992122585597e-08
2017-01-06 01:30:00,-0.17132330174791824,-0.24473829349654583,6.375230385332839e-09,5.829098852016252e-08
2017-01-06 02:00:00,-0.25138738330573673,-0.3386058566891366,1.189540868699525e-08,6.082322954435192e-08
2017-01-06 02:30:00,-0.232104248870783,-0.33237681186792484,1.5760177615448227e-08,9.330778569347533e-08
2017-01-06 03:00:00,-0.3755178736770432,-0.24801886037718957,4.260012278624831e-08,8.156355097120044e-08
2017-01-06 03:30:00,-0.8145680302335083,-0.284733655398629,4.57529742951546e-07,1.9965809780519352e-07
2017-01-06 04:00:00,-0.16720038161755443,-0.4642936545149059,1.2507851333698886e-08,1.8972284423653972e-07
2017-01-06 04:30:00,-0.8754778813693505,-0.2936187164540685,3.0805622639573775e-07,1.1844095047789853e-07
2017-01-06 05:00:00,-0.5838464933327793,-0.5305642695869551,1.2065003200772433e-07,1.7342170049320148e-07
2017-01-06 05:30:00,-0.5959126034538341,-0.4871736970448666,1.1747572995325905e-07,1.474812580240916e-07
2017-01-06 06:00:00,-0.38982562829518386,-0.5558224701595633,4.8630006339571903e-08,1.6557782444790403e-07
2017-01-06 06:30:00,-0.5470921322175938,-0.48890131909301976,8.835870164605054e-08,1.3210578220279815e-07
2017-01-06 07:00:00,-0.49049749105192264,-0.5527311224675027,7.670274365883606e-08,1.6386641981418321e-07
2017-01-06 07:30:00,-0.42172925381660026,-0.5009513031815921,5.1584949020694764e-08,1.3325181232838558e-07
2017-01-06 08:00:00,-0.28613548422585033,-0.5222732249833103,2.1568698954809654e-08,1.2677889216903448e-07
2017-01-06 08:30:00,-0.30798148285973176,-0.3498569556920457,3.753483591338714e-08,1.309333612353599e-07
2017-01-06 09:00:00,0.8455698295929288,-0.34026048961911276,2.421104329230875e-07,1.0979908000690495e-07
2017-01-06 09:30:00,-0.1692016792235833,0.27108205510115035,1.0016846710780602e-08,9.865323644670105e-08
2017-01-06 10:00:00,0.4908092754106356,-0.12533877776928945,6.442449847848428e-07,5.995611336637243e-07
2017-01-06 10:30:00,-0.3598555770456721,-0.0075106007251347405,2.0376186871395297e-07,3.281253751353698e-07
2017-01-06 11:00:00,0.4290502382791472,-0.27807143093085057,1.894931136832967e-07,2.941973820450645e-07
2017-01-06 11:30:00,0.43730270757554207,-0.01919485832582554,2.0529618484794903e-07,2.2420189897973674e-07
2017-01-06 12:00:00,0.37094624500378937,-0.013818038249607534,1.1316442428844014e-07,1.716095375650305e-07
2017-01-06 12:30:00,-0.10709491656834298,-0.0905338897153531,8.574645974968953e-09,1.619876380150029e-07
2017-01-06 13:00:00,0.5338903811030344,-0.2727041604568778,1.8022626859985196e-07,1.7883810410497328e-07
2017-01-06 13:30:00,-0.022460671002454972,0.0025541656097711647,2.4984268464168997e-10,1.0325014207878907e-07
2017-01-06 14:00:00,-0.08959795708404637,-0.03286586600309862,5.0427633230539686e-09,1.3163537988471416e-07
2017-01-06 14:30:00,-0.6501072069894199,-0.4208770924459653,6.719757787807381e-07,6.131063574514693e-07
2017-01-06 15:00:00,-0.5159949530103385,-0.3847373094786655,2.5713716088856033e-07,3.442959381253032e-07
2017-01-06 15:30:00,-0.6174860384636526,-0.3946884229500336,4.7282038207849526e-07,4.516970598684847e-07
2017-01-06 16:00:00,-0.46649982457659733,-0.4522873227960434,3.754861367173869e-07,7.126606351998366e-07
2017-01-06 16:30:00,0.11342824230127604,-0.40934399113279646,6.11710120788748e-09,1.7878680992861034e-07
2017-01-06 17:00:00,0.2524498027909041,-0.33012843350034216,1.599187651462196e-08,7.965981961292807e-08
2017-01-06 17:30:00,-1.4259229320813787,-0.21320874182179983,2.788194888547476e-07,3.482183617867742e-08
2017-01-06 18:00:00,-0.34521759611095737,-0.5798975464627786,1.4351705621836106e-08,6.560252421382157e-08
2017-01-06 18:30:00,-1.7622753557236466,-0.7758812476152985,4.240900036115108e-06,1.1067414350723307e-06
2017-01-06 19:00:00,0.37860339868106374,-0.9554679005417708,3.012696228105747e-08,2.3569201717812748e-07
2017-01-06 19:30:00,-0.3228118707962103,-0.3868412765578122,2.964372963586331e-08,1.0187437449764563e-07
2017-01-06 20:00:00,0.18698804707857744,-0.41345439158527997,7.1071898989598e-09,7.712425083572335e-08
2017-01-08 18:30:00,-1.1558152250665172,-0.08656610189080376,1.7986422910694194e-06,2.907773721065591e-07
2017-01-08 19:00:00,-0.005270192911783281,-0.36576648124408656,5.406722323150464e-12,6.662519529266247e-08
2017-01-08 19:30:00,0.39229953463192724,-0.08176059403996315,3.395456271567029e-08,4.747068718625765e-08
2017-01-08 20:00:00,0.037847041352429375,-0.07914886588454263,2.6689759087223367e-10,4.0012404793559854e-08
2017-01-08 20:30:00,-0.3265518316252335,-0.07879604151780792,3.575483266304883e-08,7.198328363535289e-08
2017-01-08 21:00:00,0.03428435290983,-0.38013036813658746,3.296186058118195e-10,9.898371793616756e-08
2017-01-08 21:30:00,-0.5599191533712945,-0.21056878837161233,7.959921070912766e-08,6.41890827392392e-08
2017-01-08 22:00:00,-0.2622011428182035,-0.2721506509521052,1.4043756586182628e-08,5.771610003999692e-08
2017-01-08 22:30:00,-0.4941996034535512,-0.3199789893669441,4.8396950066056987e-08,6.160011120936178e-08
2017-01-08 23:00:00,-0.5637877931187705,-0.4081222424128395,7.42965069983659e-08,8.766258544592427e-08
2017-01-08 23:30:00,-0.5410276196131284,-0.4427781475612481,5.4712812295954524e-08,7.561347237745021e-08
2017-01-09 00:00:00,-0.017033006672924844,-0.47048520167002666,5.35094908415186e-11,7.927699316348911e-08
2017-01-09 00:30:00,-0.4746405136137648,-0.30977679804568803,5.2508826703577066e-08,7.095793368794519e-08
2017-01-09 01:00:00,-0.020619935539687117,-0.3775532913520761,7.868144894288837e-11,6.495798936218053e-08
2017-01-09 01:30:00,-0.06614140075003185,-0.32546199337766224,9.036146941086975e-10,6.494130461721249e-08
2017-01-09 02:00:00,0.043625013446873355,-0.39163790674613225,3.5213679149766003e-10,6.695395376872664e-08
2017-01-09 02:30:00,-0.7017215193497278,-0.17420576658060113,1.4396911649012755e-07,6.98259607242463e-08
2017-01-09 03:00:00,-0.43782355926858424,-0.3600317871759663,5.7403835129364886e-08,1.0124796042759952e-07
2017-01-09 03:30:00,-0.440735016553469,-0.32729285344013354,1.2042679547701962e-07,1.9565917955525903e-07
2017-01-09 04:00:00,-0.7079576778037197,-0.2019464192113308,2.2162369361885677e-07,1.1021765594148065e-07
2017-01-09 04:30:00,-0.182985799412149,-0.22441803582338887,1.3105964171565635e-08,1.013128494698088e-07
2017-01-09 05:00:00,-0.19219186513206254,-0.3001661343084803,1.2596497919773295e-08,1.0182025021296668e-07
2017-01-09 05:30:00,-0.23159872242538287,-0.3011198648762326,1.761260793542564e-08,9.822884288722446e-08
2017-01-09 06:00:00,-0.26522839890029065,-0.3297293075431936,2.2097696327772167e-08,9.964063231959263e-08
2017-01-09 06:30:00,0.1657148203158943,-0.3298806697472152,8.16403664080475e-09,9.43296974104815e-08
2017-01-09 07:00:00,-0.04240791861462406,-0.15523508316178686,5.706939120803886e-10,7.380235053979176e-08
2017-01-09 07:30:00,0.24087165791004045,-0.18504470190461983,1.701288862610384e-08,7.117175303406608e-08
2017-01-09 08:00:00,-0.1067106910609941,-0.08156446940103877,3.019339206124156e-09,5.7041947399798375e-08
2017-01-09 08:30:00,-0.5685961713408503,-0.28390070533035333,1.2650198926969213e-07,1.1310995057053362e-07
2017-01-09 09:00:00,-0.08813821586034629,-0.39598812231444014,3.166519127671121e-09,1.4889581061548856e-07
2017-01-09 09:30:00,-0.40231846087581535,-0.18701707271490273,5.635826994822058e-08,8.47675877697597e-08
2017-01-09 10:00:00,0.10238150597097019,-0.22111660003405897,2.9405572111761165e-08,7.220078768496859e-07
2017-01-09 10:30:00,-0.17307129641250638,-0.10921195421752738,4.671667706973136e-08,3.437475992199534e-07
2017-01-09 11:00:00,-0.11441488158699156,-0.2263309144036901,1.3965831383463133e-08,2.7706162716320556e-07
2017-01-09 11:30:00,-0.23969216312857497,-0.2822265643448892,6.361948598817297e-08,3.190564789318154e-07
2017-01-09 12:00:00,-0.32668409448923486,-0.29615997985486214,8.959630246563607e-08,2.486563650282451e-07
2017-01-09 12:30:00,-0.1900017268391277,-0.3678363489069382,2.7340097693493098e-08,2.6035440575581493e-07
2017-01-09 13:00:00,-0.5828012431492896,-0.3372166606640636,2.2612237690591495e-07,2.1449441686937674e-07
2017-01-09 13:30:00,-0.09353872639071864,-0.4078389116360669,4.387119757030752e-09,1.8793428022372406e-07
2017-01-09 14:00:00,-0.39823035238168303,-0.1647054438825373,1.0270251158470269e-07,1.5257895313381728e-07
2017-01-09 14:30:00,-0.7333018737891819,-0.34917873036921426,8.640678284778746e-07,5.309144144028131e-07
2017-01-09 15:00:00,-0.389955560409835,-0.5162891441586921,1.484159550196663e-07,4.6363023823554297e-07
2017-01-09 15:30:00,-0.6344363038622727,-0.3720555720307233,5.014312793001307e-07,4.3215669710408686e-07
2017-01-09 16:00:00,-1.0545294054082284,-0.5265994992174763,1.922914281630395e-06,8.400106636252617e-07
2017-01-09 16:30:00,-0.1465699004005592,-0.6286606974418478,1.049565355480829e-08,2.949402311516758e-07
2017-01-09 17:00:00,-0.9819886150967921,-0.5117829333639269,2.431230469331367e-07,1.1859828215506437e-07
2017-01-09 17:30:00,0.20640782939133184,-0.657516045319338,5.269169905807502e-09,7.925279422637073e-08
2017-01-09 18:00:00,-0.007107253675041066,-0.45936475747455807,4.361393551360038e-12,3.621973058028942e-08
2017-01-09 18:30:00,-0.6365344091776893,-0.5370616496966859,5.475850795141408e-07,6.715626867264178e-07
2017-01-09 19:00:00,0.4637092077988338,-0.24225513680976052,3.7694888841459515e-08,4.683473774976072e-08
2017-01-09 19:30:00,-1.0691813394692813,-0.026161201194097955,2.564188269680299e-07,4.691659306699952e-08
2017-01-09 20:00:00,0.11320153709940459,-0.3331750042256714,2.3656300455736443e-09,5.897770768915567e-08
2017-01-09 20:30:00,-0.3609737442639061,-0.04907556934206086,4.1113407726326384e-08,6.653904204586435e-08
2017-01-09 21:00:00,0.33338164943764037,-0.2508017322419299,2.916664669364333e-08,7.121587754183817e-08
2017-01-09 21:30:00,0.28638659855279347,-0.17091455677580616,1.879654697149357e-08,5.447276197888129e-08
2017-01-09 22:00:00,0.32615857194192666,-0.22417508177612366,1.9687384719138033e-08,4.788261494813554e-08
2017-01-09 22:30:00,0.21977619141035126,0.06200353766359881,8.048681676055007e-09,3.537977680350272e-08
2017-01-09 23:00:00,0.513852647510191,0.06075244994318356,5.404284471072683e-08,4.342485473002009e-08
2017-01-09 23:30:00,0.3916967032576462,0.28064326668673173,2.7908072689298608e-08,5.2248006269979405e-08
2017-01-10 00:00:00,0.3190043100053594,0.1398517892781601,1.718890054303438e-08,3.8517264111238744e-08
2017-01-10 00:30:00,-0.2043120968961969,0.08786376487920261,9.390872662549224e-09,4.863684000900934e-08
2017-01-10 01:00:00,-0.1172044204899844,-0.03334403763556671,2.4555046972912274e-09,3.7464389007571706e-08
2017-01-10 01:30:00,0.7544557387551177,-0.02911162302477707,1.1082727183862189e-07,4.0756500601974184e-08
2017-01-10 02:00:00,0.0629503168741073,0.17623648396132005,7.276721478631673e-10,4.3985473647638e-08
2017-01-10 02:30:00,-0.028860005408646163,-0.012135420501287802,2.197979127132727e-10,5.5054561774290626e-08
2017-01-10 03:00:00,0.17845164401304794,-0.14921954067528886,9.099214610565364e-09,6.593107793888252e-08
2017-01-10 03:30:00,0.1634709558627731,-0.0675039995897738,1.5210329022181408e-08,1.2125612372372224e-07
2017-01-10 04:00:00,-0.3499270708898432,0.0181213070890747,5.0883935204468794e-08,8.676908818669864e-08
2017-01-10 04:30:00,-0.3974219544969068,-0.09219969390547772,5.981955459363789e-08,8.217743030885976e-08
2017-01-10 05:00:00,-0.8423558137255468,-0.23457968193569603,2.418345426688986e-07,8.980771192755263e-08
2017-01-10 05:30:00,-0.11614300900778925,-0.33046831801728893,4.2893220330127415e-09,1.0101817509770101e-07
2017-01-10 06:00:00,0.12313315755095647,-0.2181104165807652,4.39741299021191e-09,7.426235582894959e-08
2017-01-10 06:30:00,0.08728662685570877,-0.11950235155743875,2.295476276221147e-09,6.711324069533616e-08
2017-01-10 07:00:00,-0.0752437628196118,-0.20428977472481338,1.7814452598236011e-09,7.872932403731948e-08
2017-01-10 07:30:00,-0.3771536429209904,-0.16351421706079133,4.2515178096508047e-08,7.030211032992985e-08
2017-01-10 08:00:00,-0.3500391449452304,-0.2673693799836921,3.214573407435087e-08,7.344963943699056e-08
2017-01-10 08:30:00,-0.5330685137455751,-0.2085467440747976,1.1027063306941951e-07,9.777742653461486e-08
2017-01-10 09:00:00,-0.8566968248568585,-0.4033529620773489,3.071571703134649e-07,1.5533833781695906e-07
2017-01-10 09:30:00,-0.03786250515116251,-0.40369919201106313,4.787124888879231e-10,1.2403812760933237e-07
2017-01-10 10:00:00,-0.06958132916028648,-0.2435114148621624,1.3587202577982755e-08,7.514715857688336e-07
2017-01-10 10:30:00,-0.5510059005303345,-0.1775673586897476,4.69729542661445e-07,3.7132793130988006e-07
2017-01-10 11:00:00,0.24793778243130402,-0.41923353953682757,6.440499817912323e-08,4.025579791432028e-07
2017-01-10 11:30:00,0.06788334160061237,-0.20745792897224527,5.1901267271727395e-09,2.8327935032125954e-07
2017-01-10 12:00:00,-0.4129891246803697,-0.13032307426764406,1.3949693897498972e-07,1.843983286632317e-07
2017-01-10 12:30:00,-0.8240249382079552,-0.37362292711272094,4.902758820510492e-07,2.5131963320437375e-07
2017-01-10 13:00:00,-0.6142377495771271,-0.406366798812951,2.482376306543171e-07,2.4581759838214737e-07
2017-01-10 13:30:00,-0.39164824549888844,-0.3273176422657469,7.434313716800344e-08,1.5296886844379878e-07
2017-01-10 14:00:00,0.24061306476116726,-0.3783591855574237,3.688844504949549e-08,2.2404735342111834e-07
2017-01-10 14:30:00,-0.839018097124913,-0.09076203411748285,1.1336318189106509e-06,3.489921477486311e-07
2017-01-10 15:00:00,-0.3332290186458462,-0.34363883658241173,1.0714367037452111e-07,3.1510015466797837e-07
2017-01-10 15:30:00,-1.0122390628239273,-0.2789691915456651,1.257689652405004e-06,3.5142141929763596e-07
2017-01-10 16:00:00,-0.5123274141355724,-0.48948587184426523,4.4180513634572766e-07,7.54195083251101e-07
2017-01-10 16:30:00,-0.32011939684560914,-0.24633367365233882,4.8430779079316586e-08,1.2720431665966168e-07
2017-01-10 17:00:00,0.2592943177920458,-0.5224634685350564,1.6246489636544706e-08,1.1633738739366515e-07
2017-01-10 17:30:00,-0.07789927999011315,-0.398174058444293,7.806130710500685e-10,4.721248715857451e-08
2017-01-10 18:00:00,0.3556802148370864,-0.27954812424868164,1.1415766624314775e-08,2.5864066240213022e-08
2017-01-10 18:30:00,-1.0545294054082284,-0.3423876340390085,1.5385836426160294e-06,4.5063863206661557e-07
2017-01-10 19:00:00,0.14733984471127368,-0.27807054850108914,3.9968473114065116e-09,5.2618451478734297e-08
2017-01-10 19:30:00,0.440927449380683,-0.10803006815594914,4.133500789256589e-08,4.6805334811175556e-08
2017-01-10 20:00:00,0.2938599349295656,0.007374215474129569,1.669766788131688e-08,4.032219935370299e-08
2017-01-10 20:30:00,0.5206639123655172,0.05695282295079055,8.316580688249695e-08,6.495173923657955e-08
2017-01-10 21:00:00,0.33817868443856836,0.2231939403893329,3.090827766166651e-08,6.980593848158078e-08
2017-01-10 21:30:00,0.5206639123655172,0.2192895969492409,6.242194564654071e-08,5.907691288240897e-08
2017-01-10 22:00:00,0.2550896660691563,0.2856634270935546,1.231543401223565e-08,5.4901098976857324e-08
2017-01-10 22:30:00,0.5340434737317853,0.12163204908022848,4.9078047051734876e-08,3.842067064756198e-08
2017-01-10 23:00:00,-0.21432395964729917,0.35438139767744414,9.734322615600458e-09,7.079318917315199e-08
2017-01-10 23:30:00,-0.43754342461981144,-0.07955091520739856,3.6218548289836255e-08,4.0637932673688715e-08
2017-01-11 00:00:00,0.4581993902531199,-0.18997053378569542,3.5697890694886094e-08,4.158410339525055e-08
2017-01-11 00:30:00,-0.047941732751169606,0.19785286801366414,5.012607189041834e-10,5.4003867997277195e-08
2017-01-11 01:00:00,0.537171967140893,0.07219283820129138,4.978364691564225e-08,3.6867151905439694e-08
2017-01-11 01:30:00,-0.7250621782737728,0.14968372788251308,1.0617197360710287e-07,4.66281117015247e-08
2017-01-11 02:00:00,0.10362391187104338,-0.23169467479867398,2.0106510007214047e-09,4.908857188678728e-08
2017-01-11 02:30:00,0.27820434537886213,0.06055466916216019,2.0034717747821976e-08,5.4914074225214846e-08
2017-01-11 03:00:00,-0.2895863399129757,-0.06639454888176773,2.461901012947794e-08,6.249679812267295e-08
2017-01-11 03:30:00,-0.004521162578170424,-0.16095808895776864,1.1791692395184216e-11,1.3520812100440554e-07
2017-01-11 04:00:00,-0.20104901089004132,-0.014490117544852183,1.6320904858862983e-08,8.426231909876249e-08
2017-01-11 04:30:00,0.1652868930072919,0.016241688864850827,9.93558158088809e-09,7.591393897624249e-08
2017-01-11 05:00:00,0.5428904053024075,0.08181282019634101,9.537490822050824e-08,6.962897567608518e-08
2017-01-11 05:30:00,0.5728046597851714,0.1272228459047722,1.0285315527791701e-07,7.0426047320307e-08
2017-01-11 06:00:00,-0.17247653287716588,0.1762543335147023,8.586465409695306e-09,6.914092206073526e-08
2017-01-11 06:30:00,-0.059119969508589366,0.012703704377378435,1.0591945793299184e-09,6.322652207126275e-08
2017-01-11 07:00:00,0.324220956546963,-0.07832135793299519,3.330469341696832e-08,6.799445976055699e-08
2017-01-11 07:30:00,0.057795431869700924,0.08989417973583433,1.0017293136889168e-09,6.494344665635726e-08
2017-01-11 08:00:00,0.479334956971721,0.08714119696229054,5.8256184668520636e-08,5.4784449426659625e-08
2017-01-11 08:30:00,-0.925810445910187,0.19921705546402582,3.2969246977821257e-07,9.545584212541886e-08
2017-01-11 09:00:00,-0.9603536701516525,-0.18664346497852044,3.753047963781674e-07,9.901128536927636e-08
2017-01-11 09:30:00,0.5728046597851714,-0.1785941813279726,1.0568099543302253e-07,7.742252221435306e-08
2017-01-11 10:00:00,-0.23652317155118455,0.06562817717297596,1.5449566651713613e-07,5.876324644871844e-07
2017-01-11 10:30:00,-0.13150208278618744,-0.1819516032944474,2.4997530352330437e-08,3.4921826477186407e-07
2017-01-11 11:00:00,0.5849408065545075,-0.22381471942507747,3.586697472514363e-07,2.710486597281158e-07
2017-01-11 11:30:00,0.6046563466256977,0.04624987852446944,4.164350656006954e-07,2.3989394351437507e-07
2017-01-11 12:00:00,0.6302645196240242,0.271166867832316,3.24016133953207e-07,2.300283660601384e-07
2017-01-11 12:30:00,0.6512271920511482,0.27817720022036163,2.8370740656714955e-07,1.912302891175604e-07
2017-01-11 13:00:00,0.66775856427923,0.5256763971960016,2.9111129995498403e-07,3.1651414321816505e-07
2017-01-11 13:30:00,0.701866738842844,0.6471073357625693,2.1531192154698902e-07,2.7414560867013875e-07
2017-01-11 14:00:00,0.709028527233629,0.7816161032034091,3.230785263123404e-07,5.26594654980367e-07
2017-01-11 14:30:00,-0.06767347063401538,0.630994526432805,7.323693243728014e-09,9.701014035990684e-07
2017-01-11 15:00:00,0.15540518457533276,0.37248283201721494,2.3108950335203524e-08,3.322409500996791e-07
2017-01-11 15:30:00,-0.5310526884489795,0.2640098648295243,3.411798698688481e-07,3.365344930138081e-07
2017-01-11 16:00:00,-0.5472005541167322,-0.16738706544052134,5.028932234683963e-07,3.971947334542143e-07
2017-01-11 16:30:00,-0.9835011374831488,-0.2864366386651953,4.6233252411000145e-07,1.3886203627941818e-07
2017-01-11 17:00:00,-0.5317219433524085,-0.39560066408845773,7.037464455098969e-08,9.084710955411968e-08
2017-01-11 17:30:00,0.7546180059240205,-0.4107591129657495,7.351467729695429e-08,4.8695655444313826e-08
2017-01-11 18:00:00,0.4675086785390537,0.10945868902440538,2.0708836201269187e-08,2.0888173300848537e-08
2017-01-11 18:30:00,-1.013611873846222,-0.27072223279147184,1.4063177720596138e-06,3.856819822802792e-07
2017-01-11 19:00:00,0.1905986715305578,-0.1930318157885497,6.697592575376485e-09,4.530539089908999e-08
2017-01-11 19:30:00,0.22447838392114416,0.034155346188422205,1.0558145123060926e-08,4.392562027892779e-08
2017-01-11 20:00:00,-0.11394616727150236,0.19123201002810428,2.583558081319763e-09,4.876022310739993e-08
2017-01-11 20:30:00,0.6480719990458813,0.0940059410562203,1.334792690050887e-07,6.9064213479805e-08
2017-01-11 21:00:00,-0.0957059325021634,0.2698646236358797,2.5710582149667627e-09,7.896020901423598e-08
2017-01-11 21:30:00,-0.5038699801298557,-0.005929320449632226,6.126777851450801e-08,5.0318105329630605e-08
2017-01-11 22:00:00,-0.8252528479072746,0.06928735335803696,1.3224259779784563e-07,4.14133743675125e-08
2017-01-11 22:30:00,0.11478170587363332,-0.13033057376739643,2.283988809754984e-09,3.9086062381085394e-08
2017-01-11 23:00:00,0.09247288275497455,-0.10049378270399269,1.8020753464351382e-09,4.6062177619823704e-08
2017-01-11 23:30:00,0.5383194018033587,0.08832841099460924,5.359931683475641e-08,4.000287206788295e-08
2017-01-12 00:00:00,0.2228842024149629,0.2542175701415468,8.722126232380361e-09,4.79500919996958e-08
2017-01-12 00:30:00,0.10494829931398611,0.13013390346003736,2.416139401325266e-09,4.944766540001296e-08
2017-01-12 01:00:00,0.15097230943160536,0.1205980310581697,4.0590416385247585e-09,3.9716624081935625e-08
2017-01-12 01:30:00,-0.5988288751195339,0.0498619621216462,7.155736434650051e-08,4.2097215007309427e-08
2017-01-12 02:00:00,-0.36329536286553143,-0.09428597270370344,2.544197652562531e-08,4.1900795320366115e-08
2017-01-12 02:30:00,0.21661493182455366,-0.09599365525358264,1.2434081135186288e-08,5.7686844089611694e-08
2017-01-12 03:00:00,-0.14064215982977835,0.019965168351887882,5.831540402768789e-09,6.157971858547968e-08
2017-01-12 03:30:00,0.05742914871232113,0.003461693823227377,1.8628190824263073e-09,1.177570091177697e-07
2017-01-12 04:00:00,0.4914616632406419,0.06292912671578199,9.563956176744804e-08,8.4117503458962e-08
2017-01-12 04:30:00,0.7003728870443406,0.27921770446361477,1.7931778205938232e-07,1.0471189181280763e-07
2017-01-12 05:00:00,0.3409737943434053,0.34246339478637033,3.811198189307324e-08,1.067857750581038e-07
2017-01-12 05:30:00,0.040101685115182875,0.1944606923857615,5.281696689859397e-10,8.089031580006331e-08
2017-01-12 06:00:00,-0.39608380760677026,0.12899802675153432,4.4789698021165304e-08,6.427041423521034e-08
2017-01-12 06:30:00,0.24904960146536081,-0.026258258468695467,1.870278199215061e-08,6.307022383592393e-08
2017-01-12 07:00:00,-0.05455301498003252,0.07236860873082739,9.417264897708045e-10,6.762674303410526e-08
2017-01-12 07:30:00,-0.2610635594735403,-0.0007800807175619676,2.080920157745564e-08,6.365317304426619e-08
2017-01-12 08:00:00,-0.15812553132920348,-0.06520765299800807,6.6168430317458116e-09,5.6295203334051865e-08
2017-01-12 08:30:00,-0.18527243995279638,-0.11748386636389743,1.2916004872192446e-08,8.363802399777162e-08
2017-01-12 09:00:00,0.15301485062977352,-0.1777519567833783,8.603807332376925e-09,8.821946618229754e-08
2017-01-12 09:30:00,0.07449656468334095,-0.04048336533743746,1.8788433851480697e-09,7.113359584744113e-08
2017-01-12 10:00:00,0.3115801951800834,0.054214783748304136,2.7012270056096937e-07,5.882440037681792e-07
2017-01-12 10:30:00,0.701866738842844,0.13679750764706708,7.147130499922044e-07,3.2961774762076995e-07
2017-01-12 11:00:00,0.3639954596839144,0.470990654694313,1.4642022904497273e-07,4.755417802602854e-07
2017-01-12 11:30:00,0.7107732449913355,0.3950369553540318,6.742051867002797e-07,4.864781631746055e-07
2017-01-12 12:00:00,0.27580478240678363,0.5113083258590847,8.893412047845257e-08,5.493909139634106e-07
2017-01-12 12:30:00,0.35934998820775693,0.17974004160945134,1.1372781785432997e-07,2.1205873483598078e-07
2017-01-12 13:00:00,0.2711751595306803,0.3806031546778209,6.27119732596067e-08,3.0132621443969776e-07
2017-01-12 13:30:00,0.4341575920138768,0.2488355494138503,1.1778113707793392e-07,1.6895835349891395e-07
2017-01-12 14:00:00,0.2078797985354206,0.2734297115623728,3.607195843043279e-08,2.3642821471865014e-07
2017-01-12 14:30:00,0.20077408081339143,0.03488502258728917,2.899220703696989e-08,1.5081677967976576e-07
2017-01-12 15:00:00,0.5873763006073328,0.15053795740726594,2.394258514001147e-07,1.6040163092518507e-07
2017-01-12 15:30:00,0.15478483052890155,0.20281675190667198,1.6162218489775936e-08,1.6838643941697647e-07
2017-01-12 16:00:00,0.3595259013357551,0.10673312305168235,1.5334735990025492e-07,2.608421124379728e-07
2017-01-12 16:30:00,0.1100502569891985,0.07024886485900805,5.2679435047634525e-09,9.28272343874638e-08
2017-01-12 17:00:00,-0.6403897889754985,-0.014916939559598013,9.86394414355313e-08,5.019737233703682e-08
2017-01-12 17:30:00,-0.15257462165291172,-0.3259047197702427,3.1181804943149045e-09,4.2152109300269e-08
2017-01-12 18:00:00,-0.6487657584398243,-0.15846301566621543,4.080169442185814e-08,2.2643835236973367e-08
2017-01-12 18:30:00,-0.9275376071222603,-0.6523859431603313,1.169658355864814e-06,8.620695593125119e-07
2017-01-12 19:00:00,-0.0752509158553399,-0.32016720441106605,1.0406773489571214e-09,5.715169333231457e-08
2017-01-12 19:30:00,0.3060870408456374,-0.22058689923384817,1.91444257416851e-08,5.254274956098261e-08
2017-01-12 20:00:00,-0.27529114793730736,-0.04083294544988096,1.4936629586087756e-08,4.1417467969561e-08
2017-01-12 20:30:00,-0.08745422402243681,-0.1633326027456799,2.1354724764005084e-09,6.565741110573962e-08
2017-01-12 21:00:00,0.06263686122274872,-0.14279327477311457,9.872603608064942e-10,5.759074363309574e-08
2017-01-12 21:30:00,0.010754395326695148,-0.04912685114547485,2.647553538765035e-11,4.8275571721524476e-08
2017-01-12 22:00:00,0.318509754908908,0.005924891092047718,1.7067542221270977e-08,3.507959056842005e-08
2017-01-12 22:30:00,0.06685504149871338,0.05940590489396101,7.632651565562985e-10,3.620371701808694e-08
2017-01-12 23:00:00,-0.09813069598679693,-0.011567964123189525,1.939351308568728e-09,4.20127674896487e-08
2017-01-12 23:30:00,-0.02638318338243581,-0.09250961294115602,1.218214951693925e-10,3.798369319510513e-08
2017-01-13 00:00:00,-0.5455541812607009,-0.11755977533116604,5.0037631693619054e-08,3.737257594900688e-08
2017-01-13 00:30:00,-0.300331245412372,-0.27196758422125644,1.927882453782279e-08,6.036833863426609e-08
2017-01-13 01:00:00,-0.12055877873400553,-0.2717642937958715,2.5959210703087326e-09,5.0425883255753615e-08
2017-01-13 01:30:00,0.4089106148125195,-0.24349682837616632,2.9760142120540483e-08,4.765787401204638e-08
2017-01-13 02:00:00,-0.13400995469092788,-0.03081554122596081,3.2506696174745674e-09,3.790777488279263e-08
2017-01-13 02:30:00,-0.4099659964159522,-0.22147856749359654,4.317120699623666e-08,6.614912430628294e-08
2017-01-13 03:00:00,-0.5577415683340832,-0.20088389241279123,7.942095026293701e-08,6.352903064981569e-08
2017-01-13 03:30:00,0.24358241773452005,-0.22708502418051577,2.945057650032587e-08,1.29076732760441e-07
2017-01-13 04:00:00,0.09496245578365806,-0.005196042087839214,3.196148838335956e-09,7.389843548761168e-08
2017-01-13 04:30:00,-0.4864691410943419,0.03420790337320396,8.910485680745884e-08,7.893644386294141e-08
2017-01-13 05:00:00,0.20015156371052967,-0.1857713701796955,1.278185840721565e-08,7.752805939946441e-08
2017-01-13 05:30:00,-0.3301292572942612,-0.11808156087679496,3.137198727139028e-08,6.402450227582232e-08
2017-01-13 06:00:00,0.2124400015222484,-0.1920382191200852,1.1999561955008604e-08,6.523594944449785e-08
2017-01-13 06:30:00,-0.2114070808900879,-0.04912640158783305,1.3243848007450994e-08,6.249276008759373e-08
2017-01-13 07:00:00,-0.5407085604920504,-0.24300137809469088,8.241659757557286e-08,7.5414265980224e-08
2017-01-13 07:30:00,-0.1639929220892046,-0.1185279205121399,7.092025457352309e-09,5.868112860066284e-08
2017-01-13 08:00:00,0.7074034863627504,-0.22864460950170873,1.1973678719884723e-07,6.239138662017224e-08
2017-01-13 08:30:00,0.2211638570019001,0.13718972576609562,1.2467593394099205e-08,5.793591838269135e-08
2017-01-13 09:00:00,0.6516787557426832,0.08454981377427437,1.4066332502117655e-07,7.141871389674909e-08
2017-01-13 09:30:00,-0.0852934331432596,0.2913909368011685,2.165071988880733e-09,8.731290733271096e-08
2017-01-13 10:00:00,0.05201540026487127,0.033404155861568724,7.163896214036912e-09,5.549573140676807e-07
2017-01-13 10:30:00,-0.021237136191738653,-0.004034195662411139,6.336439313767239e-10,2.929160442974895e-07
2017-01-13 11:00:00,-0.00731007311120005,-0.020871218019024675,5.692576505445572e-11,2.2255011546472265e-07
2017-01-13 11:30:00,-0.7408396994177544,-0.15442038255511814,7.588593932212789e-07,3.212198304644357e-07
2017-01-13 12:00:00,-0.9614354173989095,-0.32412552736923966,1.1156913316032818e-06,3.784316551313385e-07
2017-01-13 12:30:00,0.38221620726238537,-0.46972637914533427,1.245031181127161e-07,3.657122905321451e-07
2017-01-13 13:00:00,-0.47146339754913646,0.024812069112660626,1.7759753974425473e-07,1.6706191923839934e-07
2017-01-13 13:30:00,-0.5713334559476334,-0.35571124564768325,2.0414096283979386e-07,2.0950961265858365e-07
2017-01-13 14:00:00,-0.9516321127787919,-0.4131787414097476,6.548883843969974e-07,2.742135717300634e-07
2017-01-13 14:30:00,0.5222627619282469,-0.6309019379530132,1.8301070873977186e-07,4.0694771533134526e-07
2017-01-13 15:00:00,0.4264705827168237,0.10712297139141387,1.2486418349719931e-07,1.5100319752603038e-07
2017-01-13 15:30:00,-0.38804063243845166,-0.14607871490699254,9.858942145445066e-08,1.504714477038808e-07
2017-01-13 16:00:00,-0.03907315286446435,-0.29015455825043535,1.731665075574565e-09,3.3195455619602567e-07
2017-01-13 16:30:00,-0.4370145531224739,-0.21967120915470187,8.165721737814221e-08,1.0976949988913863e-07
2017-01-13 17:00:00,0.07875464203268574,-0.26625426340123526,1.4086712383891326e-09,6.345017276185492e-08
2017-01-13 17:30:00,-0.1729630058650768,-0.20196039850621283,3.859811301871908e-09,3.216022191226314e-08
2017-01-13 18:00:00,0.3184872627908816,-0.3253283419764368,9.863522205126415e-09,3.0564143266116574e-08
2017-01-13 18:30:00,-0.9271015292536172,-0.5856938791421231,1.1611987681205633e-06,7.450885823860818e-07
2017-01-13 19:00:00,-0.9520681906474349,-0.48647559101931365,1.6812149711499606e-07,8.256163952642727e-08
2017-01-13 19:30:00,-0.9614354173989095,-0.5721815039355715,1.9167529321737746e-07,1.1111773766489642e-07
2017-01-13 20:00:00,-0.9834771550716012,-0.6332172149345447,1.9071048518269598e-07,1.2016470946368796e-07
2017-01-15 18:30:00,-0.41588327872534575,-0.21267909606813334,2.322408978154992e-07,3.4066732168851715e-07
2017-01-15 19:00:00,-0.22820787386052552,-0.051590317643232894,9.53591454324618e-09,3.8660406892734425e-08
2017-01-15 19:30:00,0.3907383239829744,-0.15729469029445214,3.010000656359877e-08,4.59786024646214e-08
2017-01-15 20:00:00,-0.06680834554043114,0.006183105054765617,8.691658189970635e-10,4.060473894000743e-08
2017-01-15 20:30:00,-0.5341407973075671,-0.18925808420375992,7.684198457346812e-08,6.579620169238247e-08
2017-01-15 21:00:00,-0.3301136809732505,-0.31798030324584864,2.7613832496981416e-08,7.844818430091478e-08
2017-01-15 21:30:00,-0.8323833775463944,-0.3467874682135087,1.5474861897353535e-07,7.342250202648782e-08
2017-01-15 22:00:00,-0.6558785612348296,-0.3432372699357847,7.050460198374305e-08,5.3477530589375014e-08
2017-01-15 22:30:00,-0.09524823094042563,-0.3429472427381551,1.5765543889397815e-09,5.666708885549233e-08
2017-01-15 23:00:00,0.06763328860875306,-0.3303801836643615,9.349836880337051e-10,6.492327309120667e-08
2017-01-15 23:30:00,0.06920664271530716,-0.2989733401839709,8.145330734169634e-10,5.0655517897354005e-08
2017-01-16 00:00:00,-0.19589595695662465,-0.18454535852375603,6.239174630589043e-09,3.943182325344643e-08
2017-01-16 00:30:00,-0.10588462554399249,-0.25132195152985953,2.2722733662209666e-09,5.5053674181976115e-08
2017-01-16 01:00:00,-0.11199867485112434,-0.17289210862678028,2.2168297829375805e-09,4.212634606468685e-08
2017-01-16 01:30:00,-0.06793664449126106,-0.19646537079057566,8.40922850718428e-10,4.5016941926399415e-08
2017-01-16 02:00:00,0.19769227909691892,-0.05014620942341639,7.024871197195229e-09,3.792468332510289e-08
2017-01-16 02:30:00,-0.33928113127182463,0.05163982808504405,2.9492040762083847e-08,5.4095512909754076e-08
2017-01-16 03:00:00,-1.0117833970045207,-0.14902411585760458,2.5192020034176094e-07,5.6768256544865734e-08
2017-01-16 03:30:00,0.37412126776898036,-0.3055849227648754,6.910492845224607e-08,1.4903456340879934e-07
2017-01-16 04:00:00,-0.0765845569274779,-0.07292944685119063,2.0815437907083825e-09,7.587521046926176e-08
2017-01-16 04:30:00,0.31912345349392635,-0.13968982788624168,3.4229825592059205e-08,7.663046114107823e-08
2017-01-16 05:00:00,-0.43986461706932845,-0.10494145565128639,6.209198925539492e-08,7.043840728455399e-08
2017-01-16 05:30:00,-0.6144155489313494,-0.21744815945060822,1.1032050842327207e-07,7.474184728574839e-08
2017-01-16 06:00:00,-0.33089186750734295,-0.21918549156222647,2.7792311101902247e-08,6.511344087669798e-08
2017-01-16 06:30:00,-0.341092788939563,-0.2910645168883479,3.3816905766312366e-08,8.522059438429553e-08
2017-01-16 07:00:00,-0.3306405708287387,-0.3284671451062879,2.7754563762309548e-08,8.031796902387888e-08
2017-01-16 07:30:00,-0.01604739166133091,-0.36809739104769695,6.681187136136441e-11,8.924159424400872e-08
2017-01-16 08:00:00,0.30292331686827184,-0.28186296653584425,2.305383660240891e-08,7.233585611212713e-08
2017-01-16 08:30:00,0.02465591055413267,-0.20820799942908988,1.5855547631894088e-10,6.568112088601327e-08
2017-01-16 09:00:00,-0.24306524095309057,-0.23344611118098793,2.014240219651005e-08,8.965545257040364e-08
2017-01-16 09:30:00,-0.5090594488875224,-0.2366217233552241,7.339889665514028e-08,7.490692433818198e-08
2017-01-16 10:00:00,-1.0146771810299708,-0.29130405756138406,2.7470891916384945e-06,7.826711530774402e-07
2017-01-16 10:30:00,-1.0622692925809756,-0.5026719254433538,1.6031915640005167e-06,6.551836698250779e-07
2017-01-16 11:00:00,-1.0863927424417514,-0.6872170383076345,1.2302805832760598e-06,7.096002359503602e-07
2017-01-16 11:30:00,-1.0883777302933044,-0.8128896704710069,1.521154895281121e-06,1.1162631889405379e-06
2017-01-16 12:00:00,-1.1140295474060065,-0.9066158577077803,1.4603955909750843e-06,1.2125365540150442e-06
2017-01-16 12:30:00,-1.1296347343985373,-0.9740914244832791,1.1181144971819383e-06,1.0140687972172686e-06
2017-01-16 13:00:00,-0.45664168288602947,-0.9084647469005122,1.522125876437247e-07,7.546217476231631e-07
2017-01-16 13:30:00,-0.24251280074266293,-0.7023232894936676,3.4655630758785135e-08,4.135013578501949e-07
2017-01-16 14:00:00,-0.43244677630856965,-0.6017132390773847,1.3324688920749641e-07,4.0651244002349613e-07
2017-01-16 14:30:00,-0.37642751991077233,-0.647152979748935,9.546092308371756e-08,4.225969317851721e-07
2017-01-16 15:00:00,-0.41238307636310084,-0.593115870320363,1.1876264595751942e-07,3.9126376848539533e-07
2017-01-16 15:30:00,-0.2988522603707724,-0.5466626869607685,5.567823755553392e-08,3.1626486992409546e-07
2017-01-16 16:00:00,-0.8176752650879151,-0.49840198798724494,7.002547743704252e-07,4.785165207437647e-07
2017-01-16 16:30:00,0.13488034049758818,0.008277114550323011,7.350248493903552e-09,8.425647669964297e-08
2017-01-16 17:00:00,0.7240577141751446,0.32435072208171256,1.0591079252026378e-07,6.336941714047711e-08
2017-01-16 17:30:00,0.7900781454374096,0.6413425607356249,7.352130075597578e-08,7.29998534758049e-08
2017-01-16 18:00:00,0.8293919984202508,0.7148996249610893,6.585546671150447e-08,6.88870496762868e-08
2017-01-16 18:30:00,-1.1283996969008263,0.6740922863361798,1.7483846571360297e-06,9.102141272651942e-07
2017-01-16 19:00:00,0.05318735321839675,-0.12842259429352906,5.221489023885608e-10,4.1523972037378505e-08
2017-01-16 19:30:00,0.15737618495147082,-0.06147983788552287,5.151401697849826e-09,4.4147561178562594e-08
2017-01-16 20:00:00,0.2573592437222599,-0.024975008005475353,1.3093505515032343e-08,4.1336121557147286e-08
2017-01-16 20:30:00,-0.34894542048581517,0.14929942103809205,3.151945083241459e-08,5.973596583980758e-08
2017-01-16 21:00:00,-0.458747819520532,-0.27863003139012005,5.266532641002058e-08,7.159961918431143e-08
2017-01-16 21:30:00,-0.2513498434978567,-0.2286710776632798,1.383675428394554e-08,5.711215907607512e-08
2017-01-16 22:00:00,0.4821316668421921,-0.3435206739526213,3.666620148621273e-08,5.149847098338493e-08
2017-01-16 22:30:00,0.05249401242473232,-0.083800536402109,4.769932902877977e-10,3.730240780425454e-08
2017-01-16 23:00:00,-0.4383790794860801,-0.27223409496949513,3.985204106146529e-08,5.860080621657739e-08
2017-01-16 23:30:00,-0.16679433334339588,-0.3433650697977673,4.7972306871273986e-09,5.6278893157796924e-08
2017-01-17 00:00:00,0.2143591340874187,-0.21609851546947173,7.215028901352381e-09,4.006741521763768e-08
2017-01-17 00:30:00,-0.018858347088386053,-0.0993557735101569,7.052874098703286e-11,4.330191168814824e-08
2017-01-17 01:00:00,0.17525130116316334,-0.1982555000496586,5.332256819045517e-09,4.30186552325364e-08
2017-01-17 01:30:00,0.3728594094854277,0.029841193909062928,2.566305310532391e-08,3.864782983576066e-08
2017-01-17 02:00:00,-0.1890425369095861,0.18316055650252797,6.312131174474578e-09,4.274790554415379e-08
2017-01-17 02:30:00,-0.797031911907037,-0.14288259842885348,1.5455726848224923e-07,5.568874009656998e-08
2017-01-17 03:00:00,-0.015254591432699837,-0.26555575559630995,5.469543892933182e-11,6.55764002039302e-08
2017-01-17 03:30:00,0.38943535302445803,-0.1401958788319649,7.771828289780758e-08,1.1690588269085071e-07
2017-01-17 04:00:00,0.3971576892273079,0.14208909758832428,5.567292118689208e-08,8.07082963668865e-08
2017-01-17 04:30:00,-0.01818883698378177,0.07365679311251079,1.123592085267269e-10,7.264606635330132e-08
2017-01-17 05:00:00,0.42239747551750984,-0.0011213833291663275,5.7025347976369833e-08,6.663214877816545e-08
2017-01-17 05:30:00,0.8228545853841869,0.21898409343479097,1.9367739181950746e-07,7.335023014002967e-08
2017-01-17 06:00:00,0.5119701510033478,0.3845759475117533,6.651498673905672e-08,9.043508152837758e-08
2017-01-17 06:30:00,-0.14344317454781813,0.3955625839759673,5.977535266617755e-09,1.060206802301945e-07
2017-01-17 07:00:00,0.8577065430560942,0.10287558499508827,1.8503055282604434e-07,5.509696700003921e-08
2017-01-17 07:30:00,0.8914340490547528,0.5052909451284056,2.1090853156714956e-07,1.2309534636586804e-07
2017-01-17 08:00:00,0.528458414601792,0.557599369604034,7.280995199753609e-08,1.3541450178070681e-07
2017-01-17 08:30:00,0.7916031001404211,0.301106557872956,1.6284171471893252e-07,7.773681430440373e-08
2017-01-17 09:00:00,0.9139551097001912,0.5055369650713378,2.858562104650453e-07,1.5880224158750448e-07
2017-01-17 09:30:00,0.9779764458970561,0.5170271450984188,2.6568905270431837e-07,1.3217061204411816e-07
2017-01-17 10:00:00,-0.22810056308699966,0.6761476328082429,1.2875041977394205e-07,1.6471868855058763e-06
2017-01-17 10:30:00,0.8242659790327275,0.3707282358522641,9.313643053936766e-07,4.741924747638331e-07
2017-01-17 11:00:00,0.06600129507564274,0.536666182385536,4.279178473056903e-09,4.877114286824694e-07
2017-01-17 11:30:00,0.18694805792613814,0.264431639138944,4.26222384706065e-08,3.395186036252379e-07
2017-01-17 12:00:00,-0.6885385056866592,0.25869953943491236,5.405737793269806e-07,3.140252701199921e-07
2017-01-17 12:30:00,-0.338849807194785,-0.20216872455679863,9.680854553265732e-08,2.1023512739745897e-07
2017-01-17 13:00:00,0.09254628854284998,-0.05000071718681821,6.205483283323481e-09,1.5285886058650062e-07
2017-01-17 13:30:00,-0.5942564898775349,0.03106997320126803,2.049438496743739e-07,1.2154840260658017e-07
2017-01-17 14:00:00,-0.9319874503474447,-0.2265575646456209,6.065626756985039e-07,1.8142694702783286e-07
2017-01-17 14:30:00,0.13153363425151224,-0.3120045639421957,1.1592637508761628e-08,2.049172034314177e-07
2017-01-17 15:00:00,0.6886333500284457,0.1419803754940216,3.2341606441893237e-07,1.5592901809768472e-07
2017-01-17 15:30:00,0.5280051117738628,0.45942684082187757,1.6588803614588576e-07,2.496441732473373e-07
2017-01-17 16:00:00,-0.04559101933916201,0.27142172594630803,2.1182014799607457e-09,2.8752925908180114e-07
2017-01-17 16:30:00,-0.7774482425655163,0.07532007439063795,2.438470984331752e-07,8.639542058223342e-08
2017-01-17 17:00:00,-0.5367996611558375,-0.10915571331861415,6.055735540459076e-08,4.631653457937449e-08
2017-01-17 17:30:00,-1.328710700858379,-0.15969555343744618,2.37834613263175e-07,3.152029689057756e-08
2017-01-17 18:00:00,-1.4027529630055375,-0.4194191426657466,2.2749510022806813e-07,4.4440593611200426e-08
2017-01-17 18:30:00,-1.3499919758277474,-0.9814292922451446,2.5153489624914877e-06,1.6171289536493753e-06
2017-01-17 19:00:00,0.1253664816224281,-0.5887939088499424,3.046203921678532e-09,1.0759936571766622e-07
2017-01-17 19:30:00,-0.5474214359248101,-0.28102305094247615,6.588843356320589e-08,6.320154520805922e-08
2017-01-17 20:00:00,-0.7203469727743458,-0.4772132400661183,1.0819453640743086e-07,9.095275799394839e-08
2017-01-17 20:30:00,0.08597506809930995,-0.43295970608501927,1.904079041569982e-09,1.0199017733820397e-07
2017-01-17 21:00:00,-0.00034894325752875537,-0.18301998689373036,2.972260965581008e-14,5.906671782733383e-08
2017-01-17 21:30:00,-0.21233333059720866,-0.21255155021676045,9.51429490751664e-09,5.352813429071446e-08
2017-01-17 22:00:00,-0.1058772849940755,-0.15946734035623775,1.8223182498811052e-09,3.802415054491651e-08
2017-01-17 22:30:00,-0.10573086275863823,-0.22241738526147775,1.9687119187387317e-09,4.542620068797826e-08
2017-01-17 23:00:00,-0.16513990011552632,-0.17355851351456542,5.487533917030274e-09,4.8011009381244916e-08
2017-01-17 23:30:00,-0.06694506765175766,-0.17771645130834662,7.589299503828897e-10,4.065206436633455e-08
2017-01-18 00:00:00,-0.3191968849065582,-0.213478935576856,1.5370626471848642e-08,3.832587310733773e-08
2017-01-18 00:30:00,1.0006327004303468,-0.24206614866334672,2.0158305962047259e-07,5.3769116306847585e-08
2017-01-18 01:00:00,0.2539347344302141,0.4099981219760041,1.1547062138167095e-08,6.743386374266944e-08
2017-01-18 01:30:00,-0.0384725522643418,-0.009506243061521683,2.8039832546961216e-10,3.951095402328498e-08
2017-01-18 02:00:00,-0.25004874558923124,0.05890849736609382,1.0736468255767454e-08,3.639465119242349e-08
2017-01-18 02:30:00,-0.25498570571111057,-0.08663892135570145,1.5301254945291e-08,5.0829211444951e-08
2017-01-18 03:00:00,0.20918485517897073,-0.08381500228565211,1.0363838391292585e-08,5.103982495167442e-08
2017-01-18 03:30:00,-0.021969009475995022,0.14261491074443913,2.5232281814859e-10,1.19624441526818e-07
2017-01-18 04:00:00,-0.4656838473179399,0.04933993434295549,7.9986527289373e-08,7.779153979427054e-08
2017-01-18 04:30:00,-0.7036235760275805,-0.16989703862039146,1.7247176877636244e-07,8.268178919270325e-08
2017-01-18 05:00:00,-0.35860268881749635,-0.28152370830387363,4.264639534880065e-08,9.542071606523376e-08
2017-01-18 05:30:00,-0.11153819110912618,-0.2195936509626719,3.793824765845518e-09,7.828009547419705e-08
2017-01-18 06:00:00,0.07061695090064835,-0.1687430705081773,1.3040987938772071e-09,6.196543923400175e-08
2017-01-18 06:30:00,0.08143405707430419,-0.15711757747436675,1.8711698651999713e-09,6.578979825061058e-08
2017-01-18 07:00:00,0.10120891812457421,-0.0861526759785197,2.9221488805860763e-09,6.159050815884378e-08
2017-01-18 07:30:00,-0.44691271403689375,0.05432210455007945,6.286433035595693e-08,6.654553446137925e-08
2017-01-18 08:00:00,0.7430619933664873,-0.14413708932548086,1.460726789633607e-07,6.065001582021777e-08
2017-01-18 08:30:00,0.6434851390148862,0.15003145225371156,1.0851403801683592e-07,6.053315580669113e-08
2017-01-18 09:00:00,-0.03700730196108343,0.16507389809781114,5.093480675078683e-10,8.766899337741225e-08
2017-01-18 09:30:00,-0.0786543595312389,0.10554480298255288,1.956611963890371e-09,6.945800864263887e-08
2017-01-18 10:00:00,0.3897781654345283,0.10523320103016405,3.7510417598568157e-07,5.420635504188272e-07
2017-01-18 10:30:00,0.1929034396189464,0.20620003607045992,5.559736409047515e-08,3.750060151713128e-07
2017-01-18 11:00:00,0.2389866962505888,0.12699164123876866,5.760791971092971e-08,2.2654260319799327e-07
2017-01-18 11:30:00,-0.39496553223087044,0.07317404046184184,1.9856126905215232e-07,2.721732862190823e-07
2017-01-18 12:00:00,0.045638403570322006,-0.1530525013613886,2.3065531691216722e-09,2.5680599987542917e-07
2017-01-18 12:30:00,-0.261201474651258,0.10507063168239,5.735034212801388e-08,1.8452297577431462e-07
2017-01-18 13:00:00,-0.15626439545726856,-0.07859066224660291,1.827811532235514e-08,1.6067455233098621e-07
2017-01-18 13:30:00,0.2121760221744593,-0.16147387003739158,2.6242633640655382e-08,1.3672556783290242e-07
2017-01-18 14:00:00,-0.5839643459521462,-0.04000120089245408,2.3658102201621813e-07,1.4574165483276716e-07
2017-01-18 14:30:00,-0.09333473689965255,-0.23724272195786558,6.011527471049323e-09,1.8270508236790344e-07
2017-01-18 15:00:00,-0.6226561636737626,-0.1720021195989843,2.662344302030311e-07,1.6347646400644633e-07
2017-01-18 15:30:00,-0.04723651544764748,-0.26424728383412105,1.3746832461299907e-09,1.7146050666439405e-07
2017-01-18 16:00:00,-0.2690016927480651,-0.24875640012519398,7.562005115431651e-08,2.8252859215107807e-07
2017-01-18 16:30:00,-1.0948630008411098,-0.2386823629266627,4.635624065170672e-07,1.0265107396591596e-07
2017-01-18 17:00:00,-0.3732071926275523,-0.4519329848592911,2.7718135134233305e-08,8.213321305653237e-08
2017-01-18 17:30:00,-0.008760717366590754,-0.20397006163423573,9.800145099688168e-12,3.193240313671959e-08
2017-01-18 18:00:00,-0.25427428960618753,-0.12818522635018717,7.46882030554126e-09,2.598069640390429e-08
2017-01-18 18:30:00,-1.4027529630055375,-0.45312781655538226,2.747140772133544e-06,5.777098576190748e-07
2017-01-18 19:00:00,-0.029463494130351747,-0.5348234333352644,1.7608498749040878e-10,1.0030687073660671e-07
2017-01-18 19:30:00,0.14761907971825416,-0.1306979257112976,4.887041998957462e-09,5.058468500591845e-08
2017-01-18 20:00:00,-0.2783085699042241,-0.09945530020494632,1.6390881581610537e-08,4.621007740753652e-08
2017-01-18 20:30:00,0.2512523477256424,-0.16868597961918153,1.672532733851085e-08,6.277345348653642e-08
2017-01-18 21:00:00,-0.13329819645564692,-0.01597746686511899,4.446056516871099e-09,5.222924945111489e-08
2017-01-18 21:30:00,-0.36582694995199655,-0.11234693085934527,2.816216710132881e-08,4.652635094636272e-08
2017-01-18 22:00:00,-0.1526290178973265,-0.1821691990119305,3.6313951899440656e-09,3.767097095558915e-08
2017-01-18 22:30:00,-0.1281080721349673,-0.16670250836913544,2.950365069819e-09,4.247401643478577e-08
2017-01-18 23:00:00,-0.05068527439970639,-0.10118876091017566,5.263493657023533e-10,4.481147332760661e-08
2017-01-18 23:30:00,-0.16201571243565924,-0.059807325621429805,4.509268612251617e-09,3.642804853305511e-08
2017-01-19 00:00:00,-1.1225269734533325,-0.19770562288724555,1.885666104435095e-07,3.704739765485643e-08
2017-01-19 00:30:00,-0.13088124599558287,-0.31440017733973186,3.803084114701755e-09,6.823020807345694e-08
2017-01-19 01:00:00,-0.04931351845395248,-0.1990924467822959,4.3541688675715425e-10,4.442465453065155e-08
2017-01-19 01:30:00,-0.1829983315261399,-0.07860460324645963,6.363972908330204e-09,4.079192998305279e-08
2017-01-19 02:00:00,0.2470438158768867,-0.22475336168064503,1.0442274592869457e-08,4.431289334075575e-08
2017-01-19 02:30:00,-0.3603146082661894,-0.1617340927338889,2.9446137331652983e-08,5.321759217165564e-08
2017-01-19 03:00:00,-0.6685963055879824,-0.23195252671206604,1.0614338849050388e-07,6.227685592045862e-08
2017-01-19 03:30:00,-0.7943285569119637,-0.2805287584669067,3.2296074058987243e-07,1.469913983388191e-07
2017-01-19 04:00:00,-0.21437834506902448,-0.35007643980198916,1.6644557301734804e-08,1.1988836062997247e-07
2017-01-19 04:30:00,-0.12395772540851797,-0.1294344648598403,5.298339377336997e-09,7.766355331055553e-08
2017-01-19 05:00:00,0.5744111088130845,-0.18822325763886805,1.0240700026970032e-07,7.570119607051644e-08
2017-01-19 05:30:00,0.455012392613545,0.10967237139149183,6.328297912859112e-08,6.73995228799313e-08
2017-01-19 06:00:00,0.3126653504475014,0.16766433568241285,2.587774696394681e-08,6.262651891674643e-08
2017-01-19 06:30:00,-0.5237610926931546,0.030513786748605234,7.731249498162387e-08,5.9016632254447487e-08
2017-01-19 07:00:00,-0.4323964683587466,-0.11912414042787849,5.266057745902801e-08,6.271568514008805e-08
2017-01-19 07:30:00,-0.42004513846306385,-0.11255538299829525,5.4414539965716414e-08,6.820236393467004e-08
2017-01-19 08:00:00,-0.47293379497497406,-0.2597912202465607,6.225230230952836e-08,7.68090664472406e-08
2017-01-19 08:30:00,-0.6536503355823411,-0.20884692293607193,1.1762977297528322e-07,6.940439638133206e-08
2017-01-19 09:00:00,0.35566536546186356,-0.3981500422529713,4.82166636460707e-08,1.3988763287479843e-07
2017-01-19 09:30:00,0.02152544798372087,-0.00012575159149348888,1.484155464473472e-10,6.677761655214375e-08
2017-01-19 10:00:00,-0.38169004039287424,-0.09281754390605697,3.769643424917087e-07,5.617207314165162e-07
2017-01-19 10:30:00,-0.15005468134087024,-0.29684149591229225,3.4835750240045916e-08,4.588637238736292e-07
2017-01-19 11:00:00,-0.12510696120258663,-0.10093259966903373,1.599152236519578e-08,2.2341007841903742e-07
2017-01-19 11:30:00,0.11709786398376076,-0.20257977654329243,1.7815941239681707e-08,3.241951969158902e-07
2017-01-19 12:00:00,-0.7237468163015548,-0.046921890211478516,6.037559122614879e-07,2.428322573029067e-07
2017-01-19 12:30:00,-0.4818989228802898,-0.32679007647373826,2.0113408617993722e-07,2.7305692654997627e-07
2017-01-19 13:00:00,0.08669324377984522,-0.25835008055889197,5.7795431809617536e-09,2.116430757822243e-07
2017-01-19 13:30:00,0.09790005660846109,-0.17990249020832794,5.842695396929379e-09,1.468173745735424e-07
2017-01-19 14:00:00,-0.30136777182858104,0.025841754566972044,6.361823022621458e-08,1.4649836369446449e-07
2017-01-19 14:30:00,0.7454890487051832,-0.3289047729981169,3.950463122159716e-07,2.250872077659635e-07
2017-01-19 15:00:00,0.7920269502671519,0.4302738170312084,4.3747353493141e-07,2.744982699748247e-07
2017-01-19 15:30:00,0.8012188268104963,0.28306199187005443,3.988520699203674e-07,1.7931056995150015e-07
2017-01-19 16:00:00,-0.2771027293737039,0.41363945381643114,8.107514093046853e-08,4.0077627211011465e-07
2017-01-19 16:30:00,0.8229251550666139,-0.008102008865401557,2.5645990315619973e-07,7.89753219818853e-08
2017-01-19 17:00:00,-0.3824877618359299,0.2759862484154503,2.8048458307684987e-08,5.4572824472527837e-08
2017-01-19 17:30:00,-0.10041183845910488,-0.08168737149255167,1.3076535267780005e-09,2.7903691187220503e-08
2017-01-19 18:00:00,-0.4181777571353654,-0.03746465529388554,2.026253236787552e-08,2.4318787106247488e-08
2017-01-19 18:30:00,-1.3034699236732596,-0.2696648941789162,2.360237788448601e-06,3.9062625342804493e-07
2017-01-19 19:00:00,-0.16493950763081525,-0.2231375501908503,5.486335100279679e-09,5.2083558347245375e-08
2017-01-19 19:30:00,0.35784993076008476,-0.17762028443581213,2.959859837008251e-08,5.5478604429567726e-08
2017-01-19 20:00:00,-0.21204192468325997,0.09253157725044778,9.626836309030839e-09,4.647034545636908e-08
2017-01-19 20:30:00,-0.2904358373401027,-0.17813336567709143,2.3372285136059065e-08,6.655599280319056e-08
2017-01-19 21:00:00,-0.26777070688296317,-0.20816280640832122,1.8287510016945113e-08,6.422400652081718e-08
2017-01-19 21:30:00,0.21741255122074854,-0.06692331764616156,9.741681900841555e-09,4.388861060886142e-08
2017-01-19 22:00:00,0.31357972996979816,0.04043449199460389,1.490111477284951e-08,3.183987085023098e-08
2017-01-19 22:30:00,0.2784394309805609,0.16155741625131967,1.3599756620420038e-08,4.1148551704010963e-08
2017-01-19 23:00:00,-0.250487050417954,-0.008004331055064467,1.2773341601729045e-08,4.245445793654973e-08
2017-01-19 23:30:00,-0.01309002279720678,-0.005178023896963775,2.9635625110626316e-11,3.606160235828984e-08
2017-01-20 00:00:00,0.10805479933586278,-0.05310434560073666,1.6610514686093852e-09,3.0059808499114823e-08
2017-01-20 00:30:00,-0.1453791613214037,-0.02955215930400627,4.4699161567481504e-09,4.427580361001521e-08
2017-01-20 01:00:00,0.1535796543268851,-0.1004308567016566,4.192619335762439e-09,3.8850199436667654e-08
2017-01-20 01:30:00,0.08377110507276526,0.0066351835352607205,1.3374714919033006e-09,3.9741442971979135e-08
2017-01-20 02:00:00,0.33361754120439685,0.0014780761555408988,1.944315256047691e-08,3.641911294343875e-08
2017-01-20 02:30:00,0.3360203277464205,0.06585153902183766,2.560213777952111e-08,4.825495669496157e-08
2017-01-20 03:00:00,0.30512066729417886,0.17807379827510436,2.175898151321461e-08,5.613624322240166e-08
2017-01-20 03:30:00,-0.17095131024967058,0.0292193034614643,1.4795321321229464e-08,1.0597668817536943e-07
2017-01-20 04:00:00,0.5711412468727793,-0.024202830155560413,1.1670986446689923e-07,7.479885836283778e-08
2017-01-20 04:30:00,-0.31719756787249914,0.18450880680740792,3.4685310987735247e-08,8.360502904843038e-08
2017-01-20 05:00:00,-0.6248499526886766,-0.06624136230467596,1.2375722766939883e-07,6.747159273774656e-08
2017-01-20 05:30:00,0.16311351262450774,-0.24476326648059513,8.251694707987284e-09,8.323796622376758e-08
2017-01-20 06:00:00,-0.06922670348618387,-0.010388624001024428,1.2840598292732011e-09,5.588800493410916e-08
2017-01-20 06:30:00,0.3263058504644606,-0.08862839202880475,2.996710379004399e-08,6.088546349417536e-08
2017-01-20 07:00:00,0.22926290868481644,-0.052802758324359114,1.4798418885120186e-08,5.948032161681019e-08
2017-01-20 07:30:00,-0.36680202687747143,0.1994586323266712,3.975876153681654e-08,7.336274072103737e-08
2017-01-20 08:00:00,-0.3228941887754097,-0.08762914259856731,2.8607223839261818e-08,5.930893123122213e-08
2017-01-20 08:30:00,-1.0712848327184699,-0.1489353398096722,3.12405553587674e-07,6.278800613177816e-08
2017-01-20 09:00:00,-0.3265842046057716,-0.3058394448789444,4.16455729192638e-08,1.1792478734450218e-07
2017-01-20 09:30:00,0.8244518538061301,-0.15333865125071172,2.2119947908487433e-07,7.549535780566187e-08
2017-01-20 10:00:00,-0.15200734319219228,0.28321226220354523,5.9453866259715285e-08,7.428058762587121e-07
2017-01-20 10:30:00,-0.3826887712717335,-0.1179295485328654,2.2892454860359893e-07,3.4761865906411303e-07
2017-01-20 11:00:00,-0.5214228818501525,-0.1527609757021751,2.82487063221062e-07,2.4085406702151043e-07
2017-01-20 11:30:00,-0.6152604904461193,-0.34063202115681357,5.058539599012806e-07,4.336406091553824e-07
2017-01-20 12:00:00,-0.9722209669344867,-0.34701338740304666,1.0829519739446787e-06,3.7682130631370806e-07
2017-01-20 12:30:00,0.8302145540388737,-0.5387642924473812,6.076982265972807e-07,4.3972786637326584e-07
2017-01-20 13:00:00,0.8728912596527779,0.39834373909996446,6.072503364765301e-07,2.926141479913885e-07
2017-01-20 13:30:00,0.5829098962290644,0.45016185541182957,2.1536116647646483e-07,2.605762570329554e-07
2017-01-20 14:00:00,-0.08517137489190924,0.13013310171191328,5.07022654363852e-09,1.575484958431596e-07
2017-01-20 14:30:00,0.5610383992939816,-0.18711214577205018,2.774678104069235e-07,2.1463620239380728e-07
2017-01-20 15:00:00,0.3930955729558337,0.15917646741971347,1.1828379112570268e-07,1.7897719439686913e-07
2017-01-20 15:30:00,0.847472062049499,0.16610414509194407,4.589031723093476e-07,1.5083587243309348e-07
2017-01-20 16:00:00,0.027158646635570962,0.44555842608787527,7.416764770538524e-10,4.092519615562949e-07
2017-01-20 16:30:00,0.7765066688909478,-0.006910901758407071,2.4614380335430937e-07,8.512436649525424e-08
2017-01-20 17:00:00,-0.07071693757687457,0.2938567074340762,9.49398579087425e-10,5.597188554878438e-08
2017-01-20 17:30:00,0.38844859053395425,-0.037793135608512364,2.0187993233383285e-08,2.8083242373227342e-08
2017-01-20 18:00:00,0.8801102608971305,0.119970368561158,9.103056414361864e-08,2.6191618930486608e-08
2017-01-20 18:30:00,-1.304540567615328,-0.09263775461592638,2.3717589126449914e-06,3.025035612346021e-07
2017-01-20 19:00:00,-0.23209048746202385,-0.45333982978020865,1.0956302357286059e-08,8.42058442950377e-08
2017-01-20 19:30:00,0.8186544676731503,-0.41061205947672835,1.6025272445445433e-07,9.01644933090932e-08
2017-01-20 20:00:00,0.651764151423614,0.050858327323878835,9.252287390049821e-08,4.597049873762483e-08
2017-01-22 18:30:00,-1.0218966401170548,0.2637709652205324,1.450121239401122e-06,3.861134107695195e-07
2017-01-22 19:00:00,0.9182889892366976,0.07687845270335344,1.6655061170757663e-07,4.234326305016391e-08
2017-01-22 19:30:00,0.5592840845346582,0.6716928836785616,7.876172805514918e-08,1.660971060063938e-07
2017-01-22 20:00:00,-0.04485825566237509,0.29051152835932387,4.638523161048773e-10,6.75109306288269e-08
2017-01-22 20:30:00,0.13627553936767972,0.24225279258117424,5.155931298618701e-09,7.417311556885938e-08
2017-01-22 21:00:00,0.3362493549832806,0.033514690252216116,2.7656287487434617e-08,5.126966403925039e-08
2017-01-22 21:30:00,0.16960427185453267,0.22897266533844202,5.944562905300303e-09,5.391725165058403e-08
2017-01-22 22:00:00,0.22425190852739602,0.11984575508229961,7.864949488352429e-09,3.485095487626726e-08
2017-01-22 22:30:00,0.3191596697981585,0.137809070932382,1.811335889829123e-08,4.044844774988913e-08
2017-01-22 23:00:00,0.14480095925529565,0.18825542393152123,4.216425430359169e-09,4.9050322336275696e-08
2017-01-22 23:30:00,0.24898292993010637,0.02664044751674634,1.064401613074909e-08,3.591684794720989e-08
2017-01-23 00:00:00,0.5957074764119156,-0.004844354326245334,5.025601307322361e-08,2.952750138641669e-08
2017-01-23 00:30:00,-0.294039501763993,0.08289507265303166,1.844086800379071e-08,4.5931417453210564e-08
2017-01-23 01:00:00,0.14647929659315434,-0.14886684281663617,3.852339016730654e-09,4.140964022623801e-08
2017-01-23 01:30:00,0.7782858266931403,0.159771579730173,1.1578580408760923e-07,4.472993393448243e-08
2017-01-23 02:00:00,0.0771533095010852,0.40503005508138495,1.079640812477025e-09,6.756564040387092e-08
2017-01-23 02:30:00,-0.16729784386854452,0.18207310905908924,6.481994238870837e-09,5.595933809905435e-08
2017-01-23 03:00:00,0.2776969323845238,0.035188592871647016,1.858559476245374e-08,5.0543118262844484e-08
2017-01-23 03:30:00,0.5375098340169334,0.18647302914042094,1.46774304088869e-07,1.23573874367248e-07
2017-01-23 04:00:00,-0.1899751689331707,0.1998772006932004,1.3348452384363183e-08,9.18831121181191e-08
2017-01-23 04:30:00,0.5640319324628414,0.014380589020496295,1.0999936556677012e-07,7.215547194622988e-08
2017-01-23 05:00:00,0.15098379279927598,0.10783093298880565,7.216745967243586e-09,6.967990532043542e-08
2017-01-23 05:30:00,-0.2025317745333377,0.13613167763525563,1.3131080719335593e-08,7.266994167900844e-08
2017-01-23 06:00:00,0.5013688760061198,-0.030463907703262728,6.757064915027284e-08,5.6289610682805876e-08
2017-01-23 06:30:00,0.3120600024089526,0.15387964825596873,2.8173757533857202e-08,6.716551274358314e-08
2017-01-23 07:00:00,0.27927466681834595,0.0649664736949438,2.2271605585989012e-08,6.073637921958951e-08
2017-01-23 07:30:00,0.03603193429511884,0.21706264353266308,3.775291631153569e-10,7.432292340396298e-08
2017-01-23 08:00:00,0.39820935204148594,0.05245179453157814,4.0988519896998414e-08,5.4599538049883336e-08
2017-01-23 08:30:00,0.4205123501499311,0.15576874543481975,4.689473067429626e-08,6.172160616069723e-08
2017-01-23 09:00:00,-0.4392299110134955,0.10591507375231055,7.600129296916603e-08,8.654763293332638e-08
2017-01-23 09:30:00,0.8028192018995752,-0.07031249265762414,2.2843003740706708e-07,7.564014156859308e-08
2017-01-23 10:00:00,0.16119016140554815,0.3007661994588804,6.891784980135686e-08,7.929269814812215e-07
2017-01-23 10:30:00,0.0332463121705106,0.0849515447122292,1.7608331452203397e-09,3.436106759320943e-07
2017-01-23 11:00:00,0.21800810539337706,0.1471893125702922,5.0245665368080114e-08,2.4330250069445884e-07
2017-01-23 11:30:00,0.19171032101980912,0.16073858313545197,4.948036945449389e-08,3.1545540053854544e-07
2017-01-23 12:00:00,0.6071588389807082,0.02412130760996294,4.245231876742009e-07,2.4074819762948043e-07
2017-01-23 12:30:00,0.06661539144462508,0.3349759237183047,5.84417513872306e-09,4.223304593270155e-07
2017-01-23 13:00:00,-0.9214951298352713,0.15323443545904905,9.333371813707591e-07,2.549525784492001e-07
2017-01-23 13:30:00,-0.07593441380711084,-0.2705568266320391,3.9396450177016024e-09,1.9245581956341502e-07
2017-01-23 14:00:00,0.7703808408623303,0.015300428375644761,4.2738630973166973e-07,1.5029791284355655e-07
2017-01-23 14:30:00,-0.10264909700745564,0.3398585102035471,1.0062678071661049e-08,3.0940058962359394e-07
2017-01-23 15:00:00,0.17348826823901947,-0.13376420330460354,2.4566404657574043e-08,1.847642301974833e-07
2017-01-23 15:30:00,0.1349646950130778,-0.08260404144179158,1.2843953215756428e-08,1.5181023694714567e-07
2017-01-23 16:00:00,-0.1793170802822188,-0.008229103944838568,3.3267858863932226e-08,2.1576374041751422e-07
2017-01-23 16:30:00,-0.25836472563965224,-0.17547765030519466,2.9535718603513318e-08,1.0586838779576086e-07
2017-01-23 17:00:00,-0.22320749296253495,-0.2901506705835708,9.63438688839893e-09,5.65945803545912e-08
2017-01-23 17:30:00,-0.9339991261767967,-0.23253238071712903,1.2026573373208055e-07,3.619565083549801e-08
2017-01-23 18:00:00,-0.9642395138949923,-0.34322784181692023,1.2392454859832197e-07,4.3489021090246057e-08
2017-01-23 18:30:00,-0.9735129190743398,-0.7943320333737781,1.332833514680632e-06,1.1805428618485107e-06
2017-01-23 19:00:00,-0.39228114572741113,-0.36090461144004043,3.524296126345755e-08,7.75762327271092e-08
2017-01-23 19:30:00,-0.24256424229975837,-0.3025166370365643,1.5336351895340396e-08,7.819491452347834e-08
2017-01-23 20:00:00,-0.5356323467258904,-0.2078409617744744,6.599605516368949e-08,5.7892506454597873e-08
2017-01-23 20:30:00,0.005020185906708138,-0.3330464478960953,7.348411351647336e-12,9.31286111551879e-08
2017-01-23 21:00:00,-0.3490289422093633,-0.14464061960890975,3.1644621941584547e-08,5.95887705137722e-08
2017-01-23 21:30:00,-0.10390714887784229,-0.1825956394282468,2.3421676461486707e-09,5.245828559870039e-08
2017-01-23 22:00:00,-0.19987034758182168,-0.23871864897445702,6.56015594650092e-09,4.359338743875384e-08
2017-01-23 22:30:00,-0.6539306344945112,-0.07775141990684716,8.043234242826818e-08,4.0349444435821396e-08
2017-01-23 23:00:00,0.043780483168176135,-0.22820987202644344,4.0395564497943366e-10,5.491273683948331e-08
2017-01-23 23:30:00,0.19732037996174084,0.013659657194649564,7.037421930497906e-09,3.7714999581793553e-08
2017-01-24 00:00:00,0.5213226359949926,-0.12380538350581309,4.144661512710789e-08,3.413053820844745e-08
2017-01-24 00:30:00,-0.401049221297218,0.08728844116406112,3.5268030822929584e-08,4.7383915531777097e-08
2017-01-24 01:00:00,-0.33408077607574227,-0.05592094895178757,2.0979745171384347e-08,3.977582449575524e-08
2017-01-24 01:30:00,-0.2782788953267308,-0.18122019425614444,1.6262296053092246e-08,5.067673745304532e-08
2017-01-24 02:00:00,-0.2546794447145691,-0.17169926611214711,1.2272068581359461e-08,4.5022297072065335e-08
2017-01-24 02:30:00,-0.030224532988937187,-0.15936806783405963,2.1872110067237687e-10,5.599556116840461e-08
2017-01-24 03:00:00,0.3295509588088623,-0.12938995510985324,2.7688890893267257e-08,5.741995759443566e-08
2017-01-24 03:30:00,-0.1943772856622187,-0.07269534984117662,2.076267921222051e-08,1.1746808192991284e-07
2017-01-24 04:00:00,-0.4487244901335526,-0.1794172983919539,7.715653843310134e-08,9.222078066256013e-08
2017-01-24 04:30:00,-0.19788412735123626,-0.20132689258766878,1.4652610660995166e-08,9.317666025809643e-08
2017-01-24 05:00:00,0.8728912596527779,-0.1316875770387762,2.537429531194469e-07,7.520233984719824e-08
2017-01-24 05:30:00,0.07980954485554513,0.219062569725443,2.1097803248129027e-09,8.49482675365459e-08
2017-01-24 06:00:00,0.2688650234763419,-0.03288391191919896,2.0893843336506312e-08,6.056928347792619e-08
2017-01-24 06:30:00,0.0319779840076949,-0.04489913712677753,3.140509786192211e-10,6.464475048205634e-08
2017-01-24 07:00:00,0.2538341801264262,-0.06639082655766627,1.948852950022056e-08,6.43904089818983e-08
2017-01-24 07:30:00,-0.020793966793696623,0.13524574866185976,1.3140128524597523e-10,6.891367297179895e-08
2017-01-24 08:00:00,0.2978031715610493,-0.09341516688070521,2.4457111049429846e-08,5.989781076678442e-08
2017-01-24 08:30:00,0.04135934763738105,-0.035893841500062244,4.848219399852618e-10,5.945199616116201e-08
2017-01-24 09:00:00,-0.3282388534444365,-0.11470350696806535,4.360029927250765e-08,8.968990063507985e-08
2017-01-24 09:30:00,-0.7358461714873149,-0.09785380553558769,2.122591128077972e-07,8.547732349604884e-08
2017-01-24 10:00:00,-0.9010835362734435,-0.2679122149847215,2.278622958300323e-06,7.864885851749574e-07
2017-01-24 10:30:00,0.009703589356638053,-0.39707596298880427,1.5757034745647782e-10,6.127214123802067e-07
2017-01-24 11:00:00,-0.7563011329873689,-0.3015987503492876,6.411809409008123e-07,3.3565846764970416e-07
2017-01-24 11:30:00,-0.7602251939700985,-0.5008990197207652,8.240742461652742e-07,6.550129433714404e-07
2017-01-24 12:00:00,-0.7500485856104722,-0.5155064312096901,7.061938906584871e-07,5.952886294572853e-07
2017-01-24 12:30:00,-0.9992518412508248,-0.5728122679317263,1.383312303961088e-06,7.433832028264837e-07
2017-01-24 13:00:00,-1.0223018772746872,-0.6657331439504389,1.1695133382616858e-06,7.292542079480267e-07
2017-01-24 13:30:00,0.044979988802571605,-0.6822098460810938,1.4424412559087172e-09,4.804475725660226e-07
2017-01-24 14:00:00,-0.10215207720621235,-0.3450586310849985,8.305868178793234e-09,2.6070946149691835e-07
2017-01-24 14:30:00,-0.26200350154772584,-0.3227970443494349,6.838000113052298e-08,3.1146300238883084e-07
2017-01-24 15:00:00,-0.40344285789169915,-0.3558128010438852,1.4043247159275713e-07,2.891014357063969e-07
2017-01-24 15:30:00,-0.1472866403900502,-0.4485922700905849,1.61289712342996e-08,3.046193680017494e-07
2017-01-24 16:00:00,-0.3576929421121915,-0.2759370419449809,1.3765475369285487e-07,3.0621859389788285e-07
2017-01-24 16:30:00,-0.7138601440303858,-0.3349548429158915,2.331858202760163e-07,1.4673546473917372e-07
2017-01-24 17:00:00,0.28446738616781825,-0.43514498299806914,1.6115417739045967e-08,7.922658432676751e-08
2017-01-24 17:30:00,-0.40168645613842996,-0.31568125064397295,2.2337586531450946e-08,4.265762282019741e-08
2017-01-24 18:00:00,0.8106279974622583,-0.32242380450956776,8.796425277403208e-08,4.1823459055529e-08
2017-01-24 18:30:00,-0.9735129190743398,-0.2035215173376748,1.3236408201050433e-06,3.4901783285967413e-07
2017-01-24 19:00:00,-0.06871379747520961,-0.28068998387393057,1.0752598961996136e-09,6.5419151253094e-08
2017-01-24 19:30:00,-0.022872845755414012,-0.20288008215778142,1.369973125189637e-10,6.537011933653052e-08
2017-01-24 20:00:00,-0.30234517706139685,-0.1357664863262107,2.1001738045447812e-08,5.213145160305993e-08
2017-01-24 20:30:00,-0.20522579240904615,-0.19746127918498513,1.2484814177224377e-08,7.335593618074598e-08
2017-01-24 21:00:00,-0.25452720508466053,-0.23585340422976392,1.714426631707745e-08,6.989134448792416e-08
2017-01-24 21:30:00,-0.023929877290009095,-0.2993322054317523,1.2736801294785733e-10,6.629884702861049e-08
2017-01-24 22:00:00,-0.33021585622503624,-0.26395334831785333,1.8305853335790027e-08,4.6694846602264526e-08
2017-01-24 22:30:00,-0.4406000500442245,-0.2669391184152864,3.639338589845106e-08,5.244162707313686e-08
2017-01-24 23:00:00,0.14397128715890964,-0.29637664617160014,4.330032838978334e-09,6.190034849191053e-08
2017-01-24 23:30:00,-0.10118488620485784,-0.17753182379977858,1.9130955391072003e-09,4.4844044228052135e-08
2017-01-25 00:00:00,-0.30763712567426293,-0.2718219558133516,1.5532350540492153e-08,4.6341236332010505e-08
2017-01-25 00:30:00,-0.07806814165045456,-0.1795579399888435,1.3512760553844982e-09,5.337072462317879e-08
2017-01-25 01:00:00,-0.1203109553004165,-0.19667574666197055,2.7562579263765476e-09,4.7063354638783197e-08
2017-01-25 01:30:00,0.4893221198727332,-0.20159143226854176,5.130594393744905e-08,5.337991708607927e-08
2017-01-25 02:00:00,-0.0003066539120642473,0.03709033224692127,1.8136320556933592e-14,4.047291263991602e-08
2017-01-25 02:30:00,-0.0652574605655367,-0.1279397574514099,1.0403877191877109e-09,5.493095311415448e-08
2017-01-25 03:00:00,-0.18632082129349772,-0.12443671496934117,9.062382845550576e-09,5.8464316414816394e-08
2017-01-25 03:30:00,-0.319197642283038,-0.08614089982034073,5.735936217850669e-08,1.2154298431048674e-07
2017-01-25 04:00:00,0.8110293209728028,-0.1591835499715814,2.540535740130296e-07,9.030777702533916e-08
2017-01-25 04:30:00,-0.14645239039175767,0.27730738126274396,8.223620880068395e-09,1.0941743414229245e-07
2017-01-25 05:00:00,0.09255290734219722,-0.11342082591717276,3.17171654466493e-09,8.195482485707426e-08
2017-01-25 05:30:00,-0.5220556206327795,0.037979573673681204,9.191399303584414e-08,7.079433510803159e-08
2017-01-25 06:00:00,0.4710984277448939,-0.23113769808536325,6.589594189708115e-08,7.77627780411011e-08
2017-01-25 06:30:00,-0.5948286358886115,0.08253275825605827,1.0669388331738134e-07,6.491943616972447e-08
2017-01-25 07:00:00,-0.8930114977639145,-0.3593337510133108,2.494437846270397e-07,1.0559825055036917e-07
2017-01-25 07:30:00,-0.017957977345386796,-0.33794442540093367,9.806713007650511e-11,9.812594093272635e-08
2017-01-25 08:00:00,-0.02915123011592244,-0.2779463330816988,2.421660427139297e-10,8.142456193794213e-08
2017-01-25 08:30:00,-0.688019823903309,-0.19487929902760798,1.358673144862334e-07,7.073733614209042e-08
2017-01-25 09:00:00,-0.10350802009384194,-0.40983564946201945,4.417543975720122e-09,1.552136798106489e-07
2017-01-25 09:30:00,0.3268758841656788,-0.2195011708043437,4.235560023653938e-08,1.0174138482634565e-07
2017-01-25 10:00:00,-0.15582252481547854,-0.1008026149744114,6.766162277580807e-08,6.09264330533118e-07
2017-01-25 10:30:00,-0.864759431988086,-0.35138929317167666,1.2993294192397157e-06,5.767688332235881e-07
2017-01-25 11:00:00,-0.3025988664363569,-0.4108493252758454,1.0417712040673828e-07,4.2923346406646065e-07
2017-01-25 11:30:00,-0.8455325212916476,-0.3402804650802974,1.0283053996294608e-06,4.66405695534796e-07
2017-01-25 12:00:00,-0.5499684609651557,-0.516747198844148,3.8618608525645413e-07,6.071204237997365e-07
2017-01-25 12:30:00,-0.6236503346519887,-0.4509284029834073,5.447209019682419e-07,5.767546089682666e-07
2017-01-25 13:00:00,-0.7814923467793424,-0.5333417851231711,6.896366526491874e-07,5.566158560885985e-07
2017-01-25 13:30:00,-0.6714103551843421,-0.5545613342307977,3.3452903491409626e-07,3.8292999704445133e-07
2017-01-25 14:00:00,-0.16602030158769304,-0.5992691335490037,2.2514165253102258e-08,4.636341158550537e-07
2017-01-25 14:30:00,-0.9141389906815978,-0.3509821730044017,8.485992065237607e-07,3.36803821304221e-07
2017-01-25 15:00:00,-0.12882425097085154,-0.6021523587890676,1.4585240878760634e-08,5.018832042489749e-07
2017-01-25 15:30:00,0.34164913662395185,-0.3824097235122397,8.865664887892929e-08,2.6941879851904074e-07
2017-01-25 16:00:00,-0.46573075517979384,-0.19966063348323465,2.3548040125421152e-07,2.696075804209531e-07
2017-01-25 16:30:00,-0.6978433891319933,-0.3254146161982195,2.1789156804813558e-07,1.4065863217330342e-07
2017-01-25 17:00:00,-0.7292684121246307,-0.4015427116274364,1.0925519409439113e-07,7.595062929829689e-08
2017-01-25 17:30:00,0.3469266044858119,-0.4455788179805922,1.6642669502949267e-08,5.628072477105107e-08
2017-01-25 18:00:00,-0.964638586546967,-0.2593280941045476,1.3584093733053506e-07,4.0251369556723875e-08
2017-01-25 18:30:00,-0.9735129190743398,-0.7622250423813086,1.3281449427416845e-06,1.1063531461596509e-06
2017-01-25 19:00:00,-0.0940759552908639,-0.4042601515556821,2.047497045439895e-09,8.603887766471865e-08
2017-01-25 19:30:00,-0.030164616702900666,-0.482856545317157,2.4352978816785396e-10,1.181983604015966e-07
2017-01-25 20:00:00,0.14249356548975103,-0.22102395326738677,4.6948192293342195e-09,5.9499671597759e-08
2017-01-25 20:30:00,0.22482346675234718,-0.18894771470878635,1.534635392988794e-08,7.413562478140177e-08
2017-01-25 21:00:00,-0.37363032212270497,-0.20143032296182456,3.616099636937726e-08,6.451234936757673e-08
2017-01-25 21:30:00,0.8200953473919672,-0.2689004595245768,1.4868769630543402e-07,6.207514146963377e-08
2017-01-25 22:00:00,0.5128731938563259,0.27218506733265696,4.478230439003514e-08,4.810587031578852e-08
2017-01-25 22:30:00,0.014141672478182312,0.16136183424305264,3.7356027762842855e-11,4.380534328600522e-08
2017-01-25 23:00:00,-0.38756747362128136,0.017648708606622297,3.14492687743434e-08,4.371396214280824e-08
2017-01-25 23:30:00,-0.05698648537856148,-0.2453940277373993,6.104483762139754e-10,5.0508374734804475e-08
2017-01-26 00:00:00,0.41526725297032807,-0.1532234268725062,2.828994791475347e-08,3.8051991515749814e-08
2017-01-26 00:30:00,0.4861378767321206,0.0797307237201223,5.3379461456627e-08,4.8523940377866386e-08
2017-01-26 01:00:00,-0.40437988996645563,0.05275407574183745,3.1919754768311126e-08,4.12377983492941e-08
2017-01-26 01:30:00,0.6128711102665224,-0.09395262981806869,8.430191780115723e-08,4.8771363206623854e-08
2017-01-26 02:00:00,0.17983440341197043,0.20621218289807774,6.391449205095564e-09,4.9605111222329855e-08
2017-01-26 02:30:00,0.13139791103628737,0.06619969473760022,4.121217342870983e-09,5.080883190303146e-08
2017-01-26 03:00:00,-0.006344631618667681,0.060490879431819515,1.0552402461221604e-11,5.5609753866285315e-08
2017-01-26 03:30:00,-0.10858359210255941,-0.06136072593051986,6.5343205895760945e-09,1.1762548209970523e-07
2017-01-26 04:00:00,-0.6477648167968273,-0.04785543227515893,1.7098566857218794e-07,8.588665041087831e-08
2017-01-26 04:30:00,-0.35443393540801216,-0.16803911120267398,4.779778987129291e-08,9.006570081366139e-08
2017-01-26 05:00:00,0.04880450064144945,-0.1856725384545088,8.938090299241768e-10,9.11679645435615e-08
2017-01-26 05:30:00,0.07377462085852249,-0.08030851416094766,1.835365713301454e-09,7.247635179489096e-08
2017-01-26 06:00:00,0.6011818438107009,-0.14519721392587265,1.1101180981038453e-07,7.050991224251323e-08
2017-01-26 06:30:00,-0.09155276404843943,0.0597207962372424,2.4594937874765965e-09,6.221938237293482e-08
2017-01-26 07:00:00,-0.1964582347577622,-0.02454629870106013,1.1890913507313748e-08,6.441455070057189e-08
2017-01-26 07:30:00,-0.16894467779627662,-0.07549569292111812,8.859782331067754e-09,6.648196326867865e-08
2017-01-26 08:00:00,0.24587448376231577,-0.09091775791978242,1.7393003211454714e-08,6.235777825634983e-08
2017-01-26 08:30:00,-0.209863932225688,-0.00849039952538282,1.2581258279258559e-08,5.9573688961973546e-08
2017-01-26 09:00:00,-0.7721364994988335,-0.10740338272550327,2.5160031763081565e-07,9.284706991242509e-08
2017-01-26 09:30:00,0.1022302798816854,-0.2828526014155306,4.262413215671286e-09,1.1765609425917279e-07
2017-01-26 10:00:00,-0.6379580701144428,-0.0528734260032768,1.1366500781140164e-06,5.900427171568317e-07
2017-01-26 10:30:00,0.25507955970064633,-0.29740590751754364,1.0876771396048412e-07,4.963604658168446e-07
2017-01-26 11:00:00,-0.0003305133566105749,-0.08408127119756537,1.2573852568633184e-13,2.48101528985806e-07
2017-01-26 11:30:00,-0.26033260830738286,-0.20062169051974557,9.751337070474944e-08,3.57870932852209e-07
2017-01-26 12:00:00,-0.2419155187910592,-0.2306493334714771,7.591012117239995e-08,3.394177144394714e-07
2017-01-26 12:30:00,-0.7666767803854264,-0.20197114635159202,7.934508266438105e-07,3.36482414536658e-07
2017-01-26 13:00:00,-0.9735129190743398,-0.3979138467338942,1.0585853913196814e-06,4.097181597119381e-07
2017-01-26 13:30:00,-0.006559922381093913,-0.4040242054951881,3.124594025474006e-11,2.6989954978709796e-07
2017-01-26 14:00:00,-0.570898972510144,-0.18579113403246994,2.702246693502157e-07,2.014663332559265e-07
2017-01-26 14:30:00,-0.9986537049036672,-0.5915951375286603,9.918755627785633e-07,5.554180464746141e-07
2017-01-26 15:00:00,-0.7361566840700782,-0.6344794376792383,4.76693321222442e-07,5.374873383669893e-07
2017-01-26 15:30:00,-0.36206468686891835,-0.5899258957159694,1.0081022091101363e-07,4.2794543960261237e-07
2017-01-26 16:00:00,0.26577076011372475,-0.44459137379258207,7.314631930505015e-08,4.2058237275052387e-07
2017-01-26 16:30:00,0.8032096416777093,-0.31639152569376633,2.771314205679174e-07,1.3255466810167482e-07
2017-01-26 17:00:00,-0.07835990119231663,-0.041124229364745246,1.2482000425065345e-09,4.272294630346896e-08
2017-01-26 17:30:00,0.12842437279391736,-0.22977578826708572,2.368202219215223e-09,3.751613745334158e-08
2017-01-26 18:00:00,0.2868741993479614,-0.07191483473031068,1.1611779913162241e-08,3.0144906838194694e-08
2017-01-26 18:30:00,-0.5927878201828413,-0.09497870956442703,1.1265989478379853e-07,6.973066457739108e-08
2017-01-26 19:00:00,-0.3743549409259239,-0.23321001699217125,3.2070698025499165e-08,6.015482162202637e-08
2017-01-26 19:30:00,-0.4827014932571648,-0.23320086890562616,5.944658674221743e-08,6.706435613212466e-08
2017-01-26 20:00:00,-0.13937522504964667,-0.16612322985912564,3.892586026298383e-09,4.730565719393481e-08
2017-01-26 20:30:00,-0.5407064723374436,-0.18147096385342995,8.961278747666683e-08,7.39942257286902e-08
2017-01-26 21:00:00,-0.10871475963852284,-0.34045682250511156,2.976487312100665e-09,8.169399528723745e-08
2017-01-26 21:30:00,-0.36595139804333254,-0.18991451842967516,3.212893105317878e-08,5.866856509309796e-08
2017-01-26 22:00:00,-0.7408673712676499,-0.2926648520437792,9.581329877787004e-08,5.1343107824397404e-08
2017-01-26 22:30:00,-0.05404120796799314,-0.502565243152419,5.49673958379676e-10,8.677626622157533e-08
2017-01-26 23:00:00,-0.3020724818923972,-0.3968697196407012,1.9075066830495315e-08,7.650729679754183e-08
2017-01-26 23:30:00,-0.04391283825320167,-0.3379833714509246,3.593061482380708e-10,6.013014735883619e-08
2017-01-27 00:00:00,-0.5861269248285716,-0.3281043404238512,5.8712752883021165e-08,5.402721394357197e-08
2017-01-27 00:30:00,-0.9120371176429004,-0.46706360151390425,1.9697442694540946e-07,1.0102536497575673e-07
2017-01-27 01:00:00,-0.9986537049036672,-0.40798220740496616,1.9499390601777047e-07,7.330541558926084e-08
2017-01-27 01:30:00,-0.2691040890061052,-0.5498402959047886,1.6900372953815226e-08,1.192083858310491e-07
2017-01-27 02:00:00,-0.7163696324187655,-0.42902403783342685,9.986141985085564e-08,7.638438658728736e-08
2017-01-27 02:30:00,0.8110293209728028,-0.4497016530981938,1.5291264987148627e-07,9.5477914799501e-08
2017-01-27 03:00:00,0.11629882094953475,0.03449856752399489,3.428106797547565e-09,5.314126163745942e-08
2017-01-27 03:30:00,0.3137902690267077,-0.17613393122123489,5.207004279800678e-08,1.2665222687893924e-07
2017-01-27 04:00:00,-0.2948044132900434,-0.1462749986388015,3.461660960500559e-08,9.155945237302343e-08
2017-01-27 04:30:00,0.2580466038013455,-0.28969323865174906,2.4945023564155644e-08,1.0953732907120848e-07
2017-01-27 05:00:00,0.34196203304282424,0.02875748843640746,4.443147321220269e-08,7.952619240896845e-08
2017-01-27 05:30:00,-0.22952564265601286,0.05725041516474,1.8030395830690105e-08,7.247253958856183e-08
2017-01-27 06:00:00,-0.9077257624097443,-0.1100337986656613,2.668758064505837e-07,7.144512628463229e-08
2017-01-27 06:30:00,0.1439107229599469,-0.3223180809100847,6.110562313520213e-09,9.216309172636056e-08
2017-01-27 07:00:00,0.1343831482009881,-0.11874063039941482,5.561515863854242e-09,6.854573335588679e-08
2017-01-27 07:30:00,0.13298766953839378,-0.17183224192499746,5.564522598139761e-09,7.488350928428659e-08
2017-01-27 08:00:00,-0.17740298405096386,-0.17978482851881125,9.437537716115563e-09,7.220888357777709e-08
2017-01-27 08:30:00,-0.6266948446087558,-0.29979802329819144,1.112955127541185e-07,8.454703695409114e-08
2017-01-27 09:00:00,0.1225222185017777,-0.39131379607505606,6.195070907643456e-09,1.4922716250640333e-07
2017-01-27 09:30:00,0.03711205064997412,-0.10886474852168801,5.642234998846143e-10,9.025886455155257e-08
2017-01-27 10:00:00,-0.30550612151940687,-0.18717670868608768,2.5922891713434823e-07,6.763356103191507e-07
2017-01-27 10:30:00,-0.2711620730247823,-0.22760497906385402,1.2445402853084882e-07,4.4054650908683803e-07
2017-01-27 11:00:00,0.0409308921352275,-0.28727979893131506,1.939739897763354e-09,3.369321215638193e-07
2017-01-27 11:30:00,-0.45635600812098853,-0.14049387276164765,3.010516031927586e-07,3.2989559811509164e-07
2017-01-27 12:00:00,-0.33324921269486335,-0.3480697030573952,1.4422574674700517e-07,4.2808419585021464e-07
2017-01-27 12:30:00,-0.9986537049036672,-0.34457268152431886,1.3384649249168422e-06,4.3913569888326924e-07
2017-01-27 13:00:00,-0.8362015455220599,-0.5625005864196285,7.693815888190569e-07,5.775401979935988e-07
2017-01-27 13:30:00,-0.9701188290585876,-0.5200424545824927,7.093999086996016e-07,3.609975836162011e-07
2017-01-27 14:00:00,-1.0105320495210617,-0.6625451059380424,8.40554936642219e-07,5.329257941895842e-07
2017-01-27 14:30:00,-1.0223018772746872,-0.8730682614614809,1.0188344761053101e-06,9.463267760407409e-07
2017-01-27 15:00:00,-1.0176797282717098,-0.8393408638840665,9.004849388848553e-07,7.937984315062602e-07
2017-01-27 15:30:00,-0.9646736605443722,-0.8280457863065471,7.15367187876911e-07,6.873400146177545e-07
2017-01-27 16:00:00,-0.766877237707586,-0.7507120874765524,6.325195600820479e-07,8.303565722576101e-07
2017-01-27 16:30:00,-1.0223018772746872,-0.7080360695948632,4.922280818209414e-07,3.343016739085542e-07
2017-01-27 17:00:00,-0.10392291032058602,-0.7653233316652923,2.205034572759263e-09,1.6215126509111927e-07
2017-01-27 17:30:00,-0.10056482101906077,-0.4702849309286898,1.5146515129838787e-09,6.434712253017918e-08
2017-01-27 18:00:00,-0.9791305494927764,-0.5451563690922613,1.4113965236928436e-07,7.444511663056952e-08
2017-01-27 18:30:00,-1.030274322898966,-1.1021570065740558,3.3469237565598236e-07,4.4875978311610525e-07
2017-01-27 19:00:00,-1.0362723958185662,-0.7137202517716255,2.3363057304953697e-07,1.5618133760502446e-07
2017-01-27 19:30:00,-1.0532899653200807,-0.8278665738112074,2.801619814834089e-07,2.2572132729743984e-07
2017-01-27 20:00:00,-1.0850661327628446,-0.770376258097845,2.3190166915575263e-07,1.579580352795494e-07
2017-01-29 18:30:00,0.6014806935692012,-0.554002697002316,1.1160825059895547e-07,1.589985026452021e-07
2017-01-29 19:00:00,0.2651065400282812,0.057958072768995034,1.4878851118212912e-08,4.4846270839763807e-08
2017-01-29 19:30:00,0.27471416942460397,-0.04041265600295069,1.787889797829614e-08,4.977639930566234e-08
2017-01-29 20:00:00,0.6074444525449988,-0.07528076761180577,7.02239039235845e-08,4.075453355584347e-08
2017-01-29 20:30:00,0.3729756383533892,0.12451364511986451,4.0260829482466824e-08,6.482315636047511e-08
2017-01-29 21:00:00,0.12203060212209219,0.07657941989958161,3.798589277822477e-09,5.4674988976696567e-08
2017-01-29 21:30:00,-0.9137578950237927,-0.09773496557959026,2.0002254341860392e-07,5.223107962372281e-08
2017-01-29 22:00:00,-0.14352529184349866,-0.3875389183132547,3.4266122924303767e-09,5.966145647502458e-08
2017-01-29 22:30:00,-0.7743767197550919,-0.24563752504014555,1.0930339791239605e-07,4.899824161953161e-08
2017-01-29 23:00:00,-0.41608558306108245,-0.3638539392110826,3.4638498952633956e-08,6.819882680726612e-08
2017-01-29 23:30:00,-0.07853630555490858,-0.4068550262144561,1.1204377542936479e-09,6.794014074203195e-08
2017-01-30 00:00:00,-0.2134152503341119,-0.40291917371942554,7.438094679872067e-09,6.05583014211221e-08
2017-01-30 00:30:00,0.0634796391985095,-0.32276614828487266,8.615774292637672e-10,6.684812995069859e-08
2017-01-30 01:00:00,-0.4100166126263601,-0.19250686299460268,3.036462207762875e-08,4.4348408129211824e-08
2017-01-30 01:30:00,0.4634201410654929,-0.22398091718224628,5.018037937761913e-08,6.043457463472501e-08
2017-01-30 02:00:00,0.19730473261115924,0.014804381804514708,7.280326972749303e-09,3.902906026837257e-08
2017-01-30 02:30:00,-0.14188218564927868,-0.09783254935994552,5.28419168572766e-09,5.723651440730792e-08
2017-01-30 03:00:00,-0.2086606030428726,-0.14896157888876468,1.0929703926286421e-08,5.79041988352692e-08
2017-01-30 03:30:00,0.17412648892469682,-0.19737289358144056,1.647560164389031e-08,1.344520449908881e-07
2017-01-30 04:00:00,-0.08331852624884317,-0.06405001806252268,2.7135642766052796e-09,8.309519644849178e-08
2017-01-30 04:30:00,-0.16014639980269554,-0.13457540513563826,9.881632260784958e-09,8.730281896380325e-08
2017-01-30 05:00:00,-0.020896602860205515,-0.24150177243991341,1.7073410534774595e-10,1.0431653007415782e-07
2017-01-30 05:30:00,-0.44513927204235276,-0.10669635145931468,6.872220992243819e-08,7.625205716443385e-08
2017-01-30 06:00:00,-0.5638789961197126,-0.2606146888267093,1.0123885953805496e-07,8.800493964001237e-08
2017-01-30 06:30:00,-0.14689160880251534,-0.2502626291894267,6.422503290575604e-09,8.069591788189304e-08
2017-01-30 07:00:00,-0.4071237490679907,-0.2760610742599627,5.274225596944253e-08,9.058814618558057e-08
2017-01-30 07:30:00,-0.39829985903972576,-0.32404267047495744,4.907243085648239e-08,9.696756751198718e-08
2017-01-30 08:00:00,0.2730355734573316,-0.3566436380593117,2.2524392015810968e-08,1.0142100487729453e-07
2017-01-30 08:30:00,0.3840621765312443,-0.1427994988320769,4.0653191676828365e-08,6.307770779141499e-08
2017-01-30 09:00:00,-0.17268172025695386,-0.05095505320802629,1.2658452348957767e-08,8.960230500405944e-08
2017-01-30 09:30:00,-0.8837172449952082,-0.18690430248745202,3.2429947482429806e-07,1.0107795589431853e-07
2017-01-30 10:00:00,0.5235153841818259,-0.31577174801382396,6.90736712681839e-07,7.767279924658026e-07
2017-01-30 10:30:00,0.5288294013997796,0.261944804957795,4.693627834591688e-07,4.6505024188257363e-07
2017-01-30 11:00:00,0.25813803574452887,0.22075612073477902,7.707072048466285e-08,2.9748966105110027e-07
2017-01-30 11:30:00,-0.06755295278336362,0.1907326522746014,6.662773880460207e-09,3.5749924051924884e-07
2017-01-30 12:00:00,-0.08539203568961354,0.12856798360412514,9.462666239087463e-09,2.919928318487191e-07
2017-01-30 12:30:00,-0.4388212129806838,-0.024249934271302304,2.539816661812011e-07,2.757441689026143e-07
2017-01-30 13:00:00,-0.11694032044444583,-0.13623958087648558,1.4357405238246114e-08,2.3836599439168562e-07
2017-01-30 13:30:00,-0.046642267450688564,-0.012322198974147327,1.616295064552049e-09,1.5500061059168344e-07
2017-01-30 14:00:00,-0.0015635895843669873,-0.048569280065060026,1.9243091174727423e-12,1.6594790576739303e-07
2017-01-30 14:30:00,-0.2693922925268167,-0.17251690300788702,6.972033875760496e-08,2.2887596063432032e-07
2017-01-30 15:00:00,-0.39335518718090084,-0.10066250667360438,1.219684015293379e-07,1.72323820138704e-07
2017-01-30 15:30:00,0.23118219840227788,-0.17332883414197706,3.8559351392061975e-08,1.720852122241147e-07
2017-01-30 16:00:00,0.5306468113163736,0.1090464747662089,2.64993792531584e-07,2.0738208327584065e-07
2017-01-30 16:30:00,-0.9131058325191639,0.08403412990553309,3.3436848625812287e-07,8.643830524894534e-08
2017-01-30 17:00:00,-0.5585988552861463,-0.37920245982564954,5.961830898404455e-08,6.730630439251311e-08
2017-01-30 17:30:00,-0.3382537049022325,-0.29111806064190704,1.5788188942011796e-08,4.0462166235276426e-08
2017-01-30 18:00:00,-1.0846624809577863,-0.28711632671406817,1.6501288319249964e-07,4.080278444064477e-08
2017-01-30 18:30:00,-0.5318306941353024,-0.6019780753064817,2.0076542614140002e-07,4.0519754701927243e-07
2017-01-30 19:00:00,-0.0648934683846131,-0.42970650049448744,9.219845220957086e-10,8.606979347578639e-08
2017-01-30 19:30:00,0.13908595553966607,-0.3430640448420449,4.775985192989825e-09,8.05265139486831e-08
2017-01-30 20:00:00,-0.02051615832153282,-0.09944645293702448,8.54033596058896e-11,4.4306445968442196e-08
2017-01-30 20:30:00,-0.5166500335379703,-0.20870617660374138,8.098910289494093e-08,7.647035522318274e-08
2017-01-30 21:00:00,-0.3718168811538862,-0.23072169000858417,3.628719963735773e-08,6.869307007511734e-08
2017-01-30 21:30:00,-0.033662653508520116,-0.22626585345406613,2.6895838418932253e-10,6.16330648909497e-08
2017-01-30 22:00:00,0.566977811935623,0.03218766254132232,5.353479528551847e-08,3.489095322150545e-08
2017-01-30 22:30:00,0.6012531658399354,0.3037518372668062,6.487650186356177e-08,5.397161867157509e-08
2017-01-30 23:00:00,0.6031214256889461,0.38725986147027247,7.262705160072709e-08,7.156699376131088e-08
2017-01-30 23:30:00,0.3304184743986279,0.1999164963337452,1.9983242345776877e-08,4.547400800193145e-08
2017-01-31 00:00:00,0.6184982971839552,0.2525532017923997,6.23120973923226e-08,4.434836866887965e-08
2017-01-31 00:30:00,0.10674659415430081,0.38091749636694466,2.486178127307389e-09,7.714442945119109e-08
2017-01-31 01:00:00,0.7276370890510354,0.32682298329148585,9.508909406846711e-08,5.662524759478433e-08
2017-01-31 01:30:00,0.4599103264759207,0.4085222647022191,5.18672367739877e-08,9.204540871414956e-08
2017-01-31 02:00:00,0.18624920135078749,0.3745339016199636,6.639079153350963e-09,6.674752425694467e-08
2017-01-31 02:30:00,0.7699208782889083,0.21611716515306884,1.5819449635921216e-07,6.810047403170105e-08
2017-01-31 03:00:00,0.6707504732422428,0.38252901772969233,1.1436780341411079e-07,9.019256842445102e-08
2017-01-31 03:30:00,0.2788093929622088,0.39823957139103,4.420865235689526e-08,2.0875753364003802e-07
2017-01-31 04:00:00,0.6709992066777142,0.27217642270939435,1.8093305627581697e-07,1.1354769242827461e-07
2017-01-31 04:30:00,0.290265824036185,0.41693799374327645,3.3254703695280884e-08,1.5089698730596332e-07
2017-01-31 05:00:00,0.07895316795777156,0.2834530284801492,2.512909615946807e-09,1.1643064782067599e-07
2017-01-31 05:30:00,0.40342858548607313,0.12084067649193818,5.711333258987999e-08,7.828195297416449e-08
2017-01-31 06:00:00,0.2645712025736753,0.26714987140117286,2.2430489237656134e-08,8.967494162080713e-08
2017-01-31 06:30:00,0.15605725228065379,0.27156489559239294,7.391092121187749e-09,8.565125490318678e-08
2017-01-31 07:00:00,0.1595339351159391,0.23274927835053177,8.189602354642262e-09,8.45144534630403e-08
2017-01-31 07:30:00,-0.2772875382512468,0.2432846233498975,2.4042726482537495e-08,8.369738174881536e-08
2017-01-31 08:00:00,0.7699208782889083,0.043326393212005855,1.8671290457722549e-07,6.62568881509799e-08
2017-01-31 08:30:00,0.10230756716637787,0.47474112299517573,3.0230906676048163e-09,1.2530843637829645e-07
2017-01-31 09:00:00,0.5092802897688657,0.06905470704387974,1.129162224170237e-07,9.28368445787472e-08
2017-01-31 09:30:00,0.2631026536404737,0.3000220966561684,2.8853848105955185e-08,1.2441761270838243e-07
2017-01-31 10:00:00,0.46518731101210403,0.3004101817415769,5.918627071248287e-07,8.170200987957342e-07
2017-01-31 10:30:00,0.4760963246724846,0.3635671090517219,4.1111107394765893e-07,6.17855302037362e-07
2017-01-31 11:00:00,0.7239254097995881,0.36686553379049164,6.416967015660718e-07,4.200685217332547e-07
2017-01-31 11:30:00,-0.1933638493397225,0.49158310224187485,5.6879420687342035e-08,6.847663656097475e-07
2017-01-31 12:00:00,-0.022630008727237676,0.06010358599931135,6.914982510847392e-10,2.863772164061419e-07
2017-01-31 12:30:00,-0.5252647991330581,0.19637471430701525,3.736980189845467e-07,3.346028358366167e-07
2017-01-31 13:00:00,-1.0846624809577863,-0.13928971093734063,1.2818888787568975e-06,2.482919609661104e-07
2017-01-31 13:30:00,-0.02502980421512276,-0.27639774062389216,4.832706241093132e-10,2.1974787415363958e-07
2017-01-31 14:00:00,0.22210694929307917,-0.017475995510905076,4.042110434784555e-08,1.7107065784553673e-07
2017-01-31 14:30:00,-0.762603162666836,0.13657198906572998,5.759684906928892e-07,2.2494267459014393e-07
2017-01-31 15:00:00,0.058760522682847614,-0.24994879692281924,2.7893626259027775e-09,2.1888869636875823e-07
2017-01-31 15:30:00,0.11539711852947233,0.04815864814860779,1.0119409350727289e-08,1.6018649025926594e-07
2017-01-31 16:00:00,0.29808308868517963,0.01171165734651519,9.063256418159403e-08,2.1278995223992073e-07
2017-01-31 16:30:00,0.3831375162557863,-0.05584562872951538,5.902115606191091e-08,8.50752097354965e-08
2017-01-31 17:00:00,0.6814448913037122,0.08615986178820237,8.800393839513188e-08,4.091590223416424e-08
2017-01-31 17:30:00,0.11353031575715315,0.2474841757498301,1.7515579257832977e-09,3.665396283813346e-08
2017-01-31 18:00:00,-0.22824362956651797,-0.056493614156362074,7.061915697506922e-09,2.869321798775551e-08
2017-01-31 18:30:00,-0.8534132850038899,-0.2855817072225682,5.261471498930058e-07,2.0952486753365822e-07
2017-01-31 19:00:00,-0.15546495125333276,-0.10356286217260428,5.16865978571497e-09,4.6876571663837815e-08
2017-01-31 19:30:00,0.21545955127551789,-0.11846650596262459,1.1641589644006254e-08,5.579955791862189e-08
2017-01-31 20:00:00,0.17441702456621216,-0.06946376344700185,6.102093513027416e-09,4.278526846916053e-08
2017-01-31 20:30:00,0.20597371763197167,0.01575281550432691,1.2491029827641662e-08,6.145357480230457e-08
2017-01-31 21:00:00,0.2966316252811768,0.037826772024057,2.131960093914023e-08,5.08593293304982e-08
2017-01-31 21:30:00,-0.06866056976989282,0.0667745236937429,1.096878062585372e-09,4.9543888020057344e-08
2017-01-31 22:00:00,0.2763507385403125,-0.030589090396178183,1.468209265903461e-08,4.0259413735304834e-08
2017-01-31 22:30:00,-0.639217802981073,-0.010803848514850365,8.408764817463935e-08,4.2927288086304965e-08
2017-01-31 23:00:00,-0.2756980343926908,-0.20443359062302296,1.570560410254246e-08,5.1712361852082044e-08
2017-01-31 23:30:00,0.024368145739259554,-0.1747098915641998,1.1182953480958287e-10,4.500994357519565e-08
2017-02-01 00:00:00,0.32112583619777413,-0.08565296340427585,1.8035513353102294e-08,3.774455336161897e-08
2017-02-01 00:30:00,0.02402658708912159,-0.04376590700277029,1.2222763921553658e-10,4.4546457101100957e-08
2017-02-01 01:00:00,-0.01879930287717843,-0.09067872279320648,6.508298630103309e-11,3.99061631488632e-08
2017-02-01 01:30:00,0.048759122350500325,-0.06075098650993159,5.997090895577413e-10,5.3518739664825636e-08
2017-02-01 02:00:00,0.673821865518568,0.007330257832557597,8.904092280805934e-08,4.089472166775087e-08
2017-02-01 02:30:00,0.43574197272758497,0.3480986677130854,5.464564699089755e-08,9.487417458698457e-08
2017-02-01 03:00:00,0.24976034205421457,0.24094667915428128,1.5788903926300764e-08,6.746105044256147e-08
2017-02-01 03:30:00,0.0698555469907854,0.19766638984707063,2.847130391389199e-09,1.4443246816706818e-07
2017-02-01 04:00:00,-0.01578888710575699,0.14614232264336008,1.0366701041710358e-10,9.557643972606338e-08
2017-02-01 04:30:00,-0.002878790743925514,0.12093389233861364,3.0008659271924475e-12,8.078444685275767e-08
2017-02-01 05:00:00,-0.0999035954324739,0.04621347889101674,3.960582191946239e-09,8.357551797628967e-08
2017-02-01 05:30:00,-0.15378937241385948,-0.08672696379591213,8.45778948397265e-09,7.724189205656664e-08
2017-02-01 06:00:00,0.4032365440556158,-0.07230969811770793,5.3618432629274736e-08,7.047064179353665e-08
2017-02-01 06:30:00,-0.18442247267398823,0.09980051885616821,9.836977424230342e-09,6.317690113523136e-08
2017-02-01 07:00:00,-0.3448671591683143,-0.12346256916235246,3.819016566350435e-08,7.183739476223503e-08
2017-02-01 07:30:00,-0.01789541617014112,-0.13555113953257725,9.737746503051056e-11,6.897849083952904e-08
2017-02-01 08:00:00,-0.4504571154011008,-0.0565094313011936,6.944566149387492e-08,7.244291916493017e-08
2017-02-01 08:30:00,0.007116041869239378,-0.2248162917992247,1.4600281629716145e-11,7.468177893614058e-08
2017-02-01 09:00:00,-0.5182559304069554,-0.1903818750896207,1.245869126650669e-07,1.1351556223723476e-07
2017-02-01 09:30:00,0.439873993206727,-0.2517130909769311,8.329932978495156e-08,1.1702831066483753e-07
2017-02-01 10:00:00,-1.0198562496755204,-0.02972410192629582,2.8920430261738417e-06,5.821291717947777e-07
2017-02-01 10:30:00,0.06012811390457982,-0.3317318541213711,6.337592249406874e-09,5.583525160530694e-07
2017-02-01 11:00:00,0.7276370890510354,-0.03955255769214475,6.499947916365938e-07,2.578593517004507e-07
2017-02-01 11:30:00,0.4084051102741527,0.3358027887481659,2.3559463275231203e-07,4.5374504669556056e-07
2017-02-01 12:00:00,0.29560035640798116,0.07190837502929026,1.0951194836232056e-07,2.677613212322542e-07
2017-02-01 12:30:00,-0.3797247706664234,0.06868634359638767,1.8975564927904613e-07,2.8056356890710796e-07
2017-02-01 13:00:00,-0.8715992524537726,0.015395729915537181,7.827556852400959e-07,2.1505121958299503e-07
2017-02-01 13:30:00,-0.5872334600341856,-0.12388855170519622,2.6454453509482015e-07,1.7170558227591953e-07
2017-02-01 14:00:00,0.6770849204272077,-0.2707685614316489,3.80546791665485e-07,2.3391049650585396e-07
2017-02-01 14:30:00,0.7699208782889083,0.14402351882860853,5.710494754341176e-07,2.2081652066014364e-07
2017-02-01 15:00:00,0.7762157212404132,0.2967382197120213,4.879787643433725e-07,2.401618026514064e-07
2017-02-01 15:30:00,0.3309922530912855,0.46255981951855707,8.301608461847234e-08,3.201024887381011e-07
2017-02-01 16:00:00,-0.23080688054611118,0.1174891066132556,5.1038570698222937e-08,2.129612623397231e-07
2017-02-01 16:30:00,-0.17955251819502718,0.06485971137753863,1.3300703105802913e-08,8.774527759438334e-08
2017-02-01 17:00:00,0.15611067386603,-0.05786046584071366,4.8582655198662866e-09,4.222704524281336e-08
2017-02-01 17:30:00,0.8775838137491518,-0.011715703860032962,1.0748452947848182e-07,2.9114576229965845e-08
2017-02-01 18:00:00,0.38616498703869434,0.24105418804307144,2.0548955470888564e-08,3.6734697536323425e-08
2017-02-01 18:30:00,-1.0532899653200807,-0.20911646715896168,7.95023158013665e-07,1.8073348671943034e-07
2017-02-01 19:00:00,0.2447689855000973,-0.14596563518315547,1.2780572546783022e-08,4.901774301534882e-08
2017-02-01 19:30:00,0.3041150923392424,0.17383275655198324,2.3121090196093684e-08,5.967238408522258e-08
2017-02-01 20:00:00,0.5499847572661561,0.25989916609572583,6.135897478600621e-08,5.599159368628666e-08
2017-02-01 20:30:00,0.36013262773273363,0.3082319813511783,3.8377331147173017e-08,8.980158611215082e-08
2017-02-01 21:00:00,0.41698186014551425,0.11429705839187794,4.3037966718633036e-08,5.483641347355139e-08
2017-02-01 21:30:00,-0.2403224532644415,0.3251265544574368,1.3354876691669115e-08,7.264975066531672e-08
2017-02-01 22:00:00,-0.024393709422875026,0.05863063096573349,1.1828038487715196e-10,4.212264030861127e-08
2017-02-01 22:30:00,0.8775838137491518,0.11801140422529086,1.5794029993580316e-07,4.5609532111066374e-08
2017-02-01 23:00:00,0.6184392904969283,0.6016299430068675,7.520967838943763e-08,1.121722340266427e-07
2017-02-01 23:30:00,0.34288642769480193,0.4874208715484739,2.1325326812285064e-08,8.090652257230783e-08
2017-02-02 00:00:00,-0.3791367632747953,0.3828121686718,2.5548177180560364e-08,6.309896711091384e-08
2017-02-02 00:30:00,0.23244104329645807,0.11524178175253447,1.1461308616520049e-08,4.704192562636981e-08
2017-02-02 01:00:00,0.4556705112008219,0.22252957522824096,3.845512307984957e-08,4.778198554573068e-08
2017-02-02 01:30:00,0.06170950786198512,0.4399073547545071,9.595368762402525e-10,1.012925489055242e-07
2017-02-02 02:00:00,-0.1752772215615983,0.1910605392662348,6.238324790704426e-09,4.97448042352244e-08
2017-02-02 02:30:00,-0.09764331574568365,0.08089847597440328,2.815451024566051e-09,6.349547232564258e-08
2017-02-02 03:00:00,0.5899357149613522,0.14788070846114726,8.924889698163026e-08,5.907062212487741e-08
2017-02-02 03:30:00,0.5509359579755392,0.25757424395218764,1.7651840730897405e-07,1.5982206444780073e-07
2017-02-02 04:00:00,0.2365466538978854,0.2952014709241929,2.3072876976082084e-08,1.2189943189380902e-07
2017-02-02 04:30:00,-0.1483139183074279,0.24121722474005367,8.065558010603197e-09,9.7775756102393e-08
2017-02-02 05:00:00,-0.05787116892297563,-0.02500965620847588,1.3125244564471418e-09,8.194827680640147e-08
2017-02-02 05:30:00,0.21516170682156585,0.04348090275849645,1.6209988431264506e-08,7.365959509538098e-08
2017-02-02 06:00:00,-0.056825367229330896,0.13623741363151531,1.0780350565581766e-09,7.57956272536979e-08
2017-02-02 06:30:00,0.9237000219787499,0.034804814658955144,2.391079498476985e-07,5.8763033811248944e-08
2017-02-02 07:00:00,0.38529687056593087,0.33676920340538946,4.748931200689523e-08,1.029702107569295e-07
2017-02-02 07:30:00,0.6279746586722187,0.12186264024295257,1.231200849597258e-07,6.972439659911637e-08
2017-02-02 08:00:00,0.3438081382599503,0.32487650820731545,4.047172277722819e-08,1.0751711573702522e-07
2017-02-02 08:30:00,0.4226500158969461,0.2657883197555941,4.9698454410157346e-08,7.765528856918408e-08
2017-02-02 09:00:00,0.8192344617642681,0.26165348519136294,3.135438870752766e-07,1.2937941491396044e-07
2017-02-02 09:30:00,0.12132937929809579,0.49823045862216225,6.7215425202341905e-09,2.0853408280894565e-07
2017-02-02 10:00:00,0.2825442819013923,0.17276553065408382,2.0196648239904055e-07,6.029395131660489e-07
2017-02-02 10:30:00,-0.5592125196695971,0.22921630588136374,5.357416113059696e-07,4.471660084385747e-07
2017-02-02 11:00:00,0.22446264512397648,-0.034222109556838236,6.743822450887544e-08,2.806123377596022e-07
2017-02-02 11:30:00,-0.8012411986859307,0.1129028685764827,9.483970767839217e-07,3.268089046351209e-07
2017-02-02 12:00:00,-0.04125714955868775,-0.1854648724138543,2.2342298614922965e-09,3.187930796042472e-07
2017-02-02 12:30:00,-0.707496496798774,0.12236263572296875,6.687303212378182e-07,2.9852446148904796e-07
2017-02-02 13:00:00,-0.370230705361399,-0.34796724417618596,1.4303528267733834e-07,3.4389748712882915e-07
2017-02-02 13:30:00,-0.2713208852188267,-0.18591642689407595,5.726753634712665e-08,1.8906941884496904e-07
2017-02-02 14:00:00,0.16937996332533892,-0.08562115713163305,2.5705431493535767e-08,1.933597808945293e-07
2017-02-02 14:30:00,-0.19835726261661693,-0.17984539490215096,4.5539486479737185e-08,2.787308059354177e-07
2017-02-02 15:00:00,0.24989387399914736,-0.09354324456921005,5.5874976272301394e-08,1.9436516839536656e-07
2017-02-02 15:30:00,0.4800006348330705,0.059594005390747,1.80262120453402e-07,1.6588715281355945e-07
2017-02-02 16:00:00,-0.3038590452561232,0.11214686778910032,8.765609537147196e-08,2.09862028802538e-07
2017-02-02 16:30:00,0.6750964489196319,-0.1368384005113077,1.8770057332157186e-07,9.357148910973342e-08
2017-02-02 17:00:00,-0.08628947914056485,0.19620676757686203,1.537562930370995e-09,5.0999591328183496e-08
2017-02-02 17:30:00,0.8449013345727906,0.015783065064422407,1.1552523580278771e-07,3.3778423581101606e-08
2017-02-02 18:00:00,-0.3199317852584646,0.15126183420267145,1.4972575492136434e-08,3.3842512847678026e-08
2017-02-02 18:30:00,-0.8468761315551276,-0.3740486358596994,4.963456801904627e-07,2.4110599842996976e-07
2017-02-02 19:00:00,-0.5653564372738265,-0.17493226873733136,6.808418810368887e-08,5.092602285849505e-08
2017-02-02 19:30:00,-0.23421346618559816,-0.23583795490897705,1.4435536482091724e-08,6.949765171023358e-08
2017-02-02 20:00:00,-0.2818750747710226,-0.11817867268352826,1.669268534056564e-08,4.673366767764349e-08
2017-02-02 20:30:00,0.08198902708765078,-0.20675445794422556,2.020929138933786e-09,7.552653618993808e-08
2017-02-02 21:00:00,0.2891620007109011,-0.14826191312988007,2.1195488356632928e-08,5.841869422227212e-08
2017-02-02 21:30:00,0.5316020794812819,-0.0666790342075228,6.429593187602928e-08,4.844296334416559e-08
2017-02-02 22:00:00,-0.25080585068493666,0.23815748608338644,1.2729829346448055e-08,5.3667630824583116e-08
2017-02-02 22:30:00,0.05758666230995718,0.06252465913090725,7.967207632842341e-10,5.102542870268755e-08
2017-02-02 23:00:00,0.9021976125887295,0.06376387108532454,1.6796262081100332e-07,4.385847577142399e-08
2017-02-02 23:30:00,0.4059308575310401,0.3572257410112993,3.0586999002148305e-08,6.238545433845765e-08
2017-02-03 00:00:00,-0.05032244955310429,0.1467448017393747,4.515859305483156e-10,4.1016960863589295e-08
2017-02-03 00:30:00,0.29238949789964325,-0.03517276587996466,1.8549767685583788e-08,4.550303483518061e-08
2017-02-03 01:00:00,-0.4702235110867462,0.1251956580694184,4.283244245939674e-08,4.342128202856756e-08
2017-02-03 01:30:00,-0.3351754083162226,-0.08254421509105572,2.8512232075522403e-08,5.463987422762144e-08
2017-02-03 02:00:00,-0.5768611539688617,-0.1099021471926553,6.45184758059405e-08,4.2761922800972173e-08
2017-02-03 02:30:00,0.13309313360250713,-0.1930718962290646,5.056654420996616e-09,7.015364123586502e-08
2017-02-03 03:00:00,-0.10013537364951834,0.0010772726171631292,2.6745913986157327e-09,5.560843832223237e-08
2017-02-03 03:30:00,0.34256369714832074,-0.09055556257260569,6.928928210844819e-08,1.2793655214582247e-07
2017-02-03 04:00:00,-0.04874903651765854,-0.06661445422858654,9.912442321277904e-10,8.880789796587211e-08
2017-02-03 04:30:00,-0.6655678574786151,-0.12455346512551708,1.594683410242353e-07,8.063385313789137e-08
2017-02-03 05:00:00,0.06390695200674172,-0.25450445105843894,1.6153255258602445e-09,1.0807407286981763e-07
2017-02-03 05:30:00,0.16260493131073564,-0.14868986206807006,8.933660042585809e-09,7.790983282647838e-08
2017-02-03 06:00:00,-0.2903247300328336,-0.002864976367806011,2.715785168110616e-08,6.717386421616613e-08
2017-02-03 06:30:00,0.08723550848443143,-0.2325559819709904,2.3322618061724074e-09,8.046671797437411e-08
2017-02-03 07:00:00,0.31816084139633866,-0.10167892792886205,3.291271623527376e-08,7.114533082564004e-08
2017-02-03 07:30:00,-0.6349276528245285,-0.0779613976552913,1.3184456198601247e-07,7.016978308853959e-08
2017-02-03 08:00:00,-0.029325158194376408,-0.31053558821264543,3.0357522723721096e-10,1.0763531761131161e-07
2017-02-03 08:30:00,0.6848183595919803,-0.2324414595480744,1.3518678585500336e-07,7.566951327859416e-08
2017-02-03 09:00:00,0.9032727330582302,0.035713937041381164,4.0156139546791866e-07,1.0323311143519926e-07
2017-02-03 09:30:00,-0.3321309866606146,0.3834220767620775,5.016344463289539e-08,1.616568064670923e-07
2017-02-03 10:00:00,-0.46559361128863863,-0.1391262709919479,5.641308066361304e-07,5.928988045064912e-07
2017-02-03 10:30:00,0.48155682547926854,-0.1537341917051617,3.952238317532155e-07,3.955870842242925e-07
2017-02-03 11:00:00,-0.07522996346951212,0.05311787946230013,7.733142285142507e-09,2.887144338140828e-07
2017-02-03 11:30:00,-0.32303329661635793,-0.17769846993532432,1.421444651851495e-07,3.269955894251744e-07
2017-02-03 12:00:00,-0.620588831314968,-0.2792273291151494,4.975446064886615e-07,3.700526845693686e-07
2017-02-03 12:30:00,-0.5722936426999334,-0.35379107693831713,4.366175526669408e-07,4.4478150196087146e-07
2017-02-03 13:00:00,-0.7876851944719504,-0.3723225957100326,6.532086885404947e-07,3.654275078281812e-07
2017-02-03 13:30:00,-0.42805337180228564,-0.45790190213067145,1.41045165267851e-07,3.2188039617312774e-07
2017-02-03 14:00:00,-0.04923073589160736,-0.43068463060925827,2.244573452612806e-09,3.6485389558379754e-07
2017-02-03 14:30:00,-0.885186674371406,-0.47144327563461197,9.123571568478068e-07,5.01539315035096e-07
2017-02-03 15:00:00,-0.9131384356443953,-0.5975627916764383,7.662536816530947e-07,5.197277008874077e-07
2017-02-03 15:30:00,-0.8934445389670767,-0.5542342042802656,6.458882157745255e-07,4.172327785369686e-07
2017-02-03 16:00:00,-0.5904451185353513,-0.5484478569122307,3.3246499671473934e-07,4.856638412824808e-07
2017-02-03 16:30:00,0.3906479775910414,-0.5668732866876538,6.683750226924301e-08,2.3204831132999602e-07
2017-02-03 17:00:00,0.230650803644361,-0.40070958955869934,1.084229460662539e-08,7.521241111586032e-08
2017-02-03 17:30:00,0.09989928966519977,-0.27585258352837133,1.786498157450942e-09,5.094103223553942e-08
2017-02-03 18:00:00,-0.33926092628165533,-0.31664837466593426,1.7200855792347544e-08,4.614006790708882e-08
2017-02-03 18:30:00,-0.854322583376384,-0.6175813292195564,4.994347021824852e-07,4.036458903202369e-07
2017-02-03 19:00:00,-0.8722051520808444,-0.5429215896996588,1.5853488225893957e-07,1.0487270977486974e-07
2017-02-03 19:30:00,-0.8842036096938016,-0.7555279589159424,2.009598840062076e-07,2.003127503048536e-07
2017-02-03 20:00:00,-0.894427603644681,-0.6547470102755043,1.640379191311632e-07,1.3064984034518517e-07
2017-02-05 18:30:00,0.29780748827361336,-0.30864841861744746,6.035095797548862e-08,2.0668767700909104e-07
2017-02-05 19:00:00,0.13434817804309013,-0.07212745770561038,3.57381405552034e-09,4.230861166514342e-08
2017-02-05 19:30:00,0.37813057125362187,-0.19632298658018524,3.505432857978669e-08,6.056026622419728e-08
2017-02-05 20:00:00,0.31645871256621433,0.014524994467878926,2.0026206093264117e-08,4.1731090116060826e-08
2017-02-05 20:30:00,0.3629764873875573,-0.016376324661974972,4.0473790527620636e-08,6.412554869085929e-08
2017-02-05 21:00:00,0.2141697946863944,-0.006654095626006326,1.1928356861289233e-08,5.422658978185561e-08
2017-02-05 21:30:00,0.8497271682437765,-0.040666962057173996,1.7297147010492534e-07,5.033880921390756e-08
2017-02-05 22:00:00,-0.0748986132588135,0.21038882422728938,1.1520854623789499e-09,5.190510104199674e-08
2017-02-05 22:30:00,-0.4613790660275236,-0.04724225036922974,5.229369016758731e-08,5.176235327748372e-08
2017-02-05 23:00:00,-0.540704717383225,-0.25222967023375903,6.580465722798516e-08,6.124322085481442e-08
2017-02-05 23:30:00,0.14739714555322486,-0.27022893982575197,4.24272721485268e-09,5.497240449988987e-08
2017-02-06 00:00:00,0.16430737703655823,-0.23313352053908523,4.911469093141709e-09,4.7815369577757564e-08
2017-02-06 00:30:00,-0.4450885638409994,-0.17869541675816264,4.41713100877151e-08,5.360388416152629e-08
2017-02-06 01:00:00,0.12354943647699786,-0.30448245155207215,2.8910348721020964e-09,5.7043454358705e-08
2017-02-06 01:30:00,-0.894427603644681,-0.11719331696683068,2.0297863184551895e-07,5.637984735750246e-08
2017-02-06 02:00:00,-0.2955733411434032,-0.3327110928992453,1.6774600722353904e-08,6.128402048804689e-08
2017-02-06 02:30:00,-0.5553956975795015,-0.32594099153162587,8.950774004228692e-08,9.132104295492525e-08
2017-02-06 03:00:00,-0.2262272889142636,-0.3518210119254748,1.3737736800926154e-08,8.91857245615506e-08
2017-02-06 03:30:00,-0.45061164704483103,-0.26387503228534676,1.2523502008450233e-07,1.715265043009965e-07
2017-02-06 04:00:00,0.08007738325644832,-0.29644202187324803,2.6806661907713478e-09,1.2388920579079367e-07
2017-02-06 04:30:00,0.7144691050085918,-0.22606782631460776,1.8421068180924727e-07,9.367494300955567e-08
2017-02-06 05:00:00,-0.5047121939481374,0.10991442761290582,1.0360714765132546e-07,8.97063431034787e-08
2017-02-06 05:30:00,-0.3138632316078547,-0.2839638749373388,3.43447396176305e-08,1.0079629123187877e-07
2017-02-06 06:00:00,-0.5960069405902416,-0.27389893189448755,1.1488552291491983e-07,9.168756296744847e-08
2017-02-06 06:30:00,0.7270311979938491,-0.3589174029130306,1.6631672436894171e-07,1.0613120557517025e-07
2017-02-06 07:00:00,-0.03988525291455045,0.22658320010510682,5.372656270627074e-10,8.774654236531551e-08
2017-02-06 07:30:00,-0.2041147602082771,-0.14211650890640548,1.3590587567310524e-08,7.459407410700838e-08
2017-02-06 08:00:00,0.4170275824513261,-0.1832010308053828,6.265266051962572e-08,8.719557855224931e-08
2017-02-06 08:30:00,0.8541783678597311,0.017776383167500385,2.2056799438233664e-07,6.311884284020705e-08
2017-02-06 09:00:00,0.32414889558664994,0.12063235184477362,5.974487673020992e-08,1.2681514305564888e-07
2017-02-06 09:30:00,-0.49152738885650715,0.07433675411490037,1.1023838960258822e-07,9.764611614071178e-08
2017-02-06 10:00:00,0.008565393525921863,-0.07974642917139532,1.808899364369453e-10,5.296946906914864e-07
2017-02-06 10:30:00,-0.3900421385966737,-0.10151763964572601,2.719130466610727e-07,3.910371931009853e-07
2017-02-06 11:00:00,-0.037860012128457105,-0.2776293947596787,1.9360826986680906e-09,3.85700892785502e-07
2017-02-06 11:30:00,-0.636302854314077,-0.15827216070586847,5.378324036273726e-07,3.1020903435882657e-07
2017-02-06 12:00:00,-0.37750173026182693,-0.4152961772579226,1.805607184340242e-07,4.826693724539032e-07
2017-02-06 12:30:00,-0.9135343824491342,-0.35556272510639986,1.1158921424524353e-06,4.4780461256256845e-07
2017-02-06 13:00:00,-0.7195407900496981,-0.47292320672032717,5.295576662820504e-07,4.4199679779992017e-07
2017-02-06 13:30:00,0.274423324766816,-0.3029382406829389,5.803594019541778e-08,2.3138455512980757e-07
2017-02-06 14:00:00,0.23320022782521768,-0.1106803840424923,5.119942782755677e-08,2.0780728933802702e-07
2017-02-06 14:30:00,-0.7414311950620269,-0.0706176767670915,6.280365912121325e-07,2.4387392963451046e-07
2017-02-06 15:00:00,-0.3198989171462749,-0.4545948023797748,9.210117571005014e-08,3.7361663842721394e-07
2017-02-06 15:30:00,-0.5805798880743248,-0.27572368895018906,2.6704805804748916e-07,2.253963627408315e-07
2017-02-06 16:00:00,-0.6800515667358783,-0.3473641680832085,4.28227426302432e-07,3.0476740701684035e-07
2017-02-06 16:30:00,-0.31754178064145805,-0.45374468927019257,4.474071076679775e-08,1.8385655351578875e-07
2017-02-06 17:00:00,-0.2741125918494006,-0.3609099921186752,1.506417941208621e-08,6.791155110513305e-08
2017-02-06 17:30:00,-0.7565816836274522,-0.40059884046648025,1.071868847217072e-07,6.908818870404572e-08
2017-02-06 18:00:00,-0.7556667658257614,-0.5123704064861687,8.594284084937184e-08,7.088745168610976e-08
2017-02-06 18:30:00,-0.8948561535746513,-0.692572301447701,5.696034264147988e-07,4.894835284273706e-07
