date,true_adj,pred_adj,naive_adj,true_raw,pred_raw,naive_raw
2019-11-27 11:30:00,-0.4674353295563254,-0.3801600829841661,-0.7497172949817035,4.33438731575614e-07,5.894072354127397e-07,4.3369376856824446e-07
2019-11-27 12:00:00,-0.9592593510457466,-0.3268472057266693,-0.4674353295563254,3.0815357811035815e-07,7.227779716757919e-07,6.686712314938632e-07
2019-11-27 12:30:00,-1.3081090374371929,-0.5447784178878355,-0.9592593510457466,1.7703021776660668e-07,4.73306280787918e-07,3.32965979938107e-07
2019-11-27 13:00:00,-0.7074551096759105,-0.7723754781835116,-1.3081090374371929,1.863405560350718e-07,2.1761930418302437e-07,1.3561123342090537e-07
2019-11-27 13:30:00,0.25678290431685014,-0.5242278943634676,-0.7074551096759105,3.757289309076098e-07,2.144225935289829e-07,1.9009047388018804e-07
2019-11-27 14:00:00,0.017513299374133595,-0.08649146810054403,0.25678290431685014,4.0082989872348676e-07,4.501694307860263e-07,6.756511859254309e-07
2019-11-27 14:30:00,-0.5716839277087438,-0.18545979425328846,0.017513299374133595,2.0837646131045035e-07,3.820922742332802e-07,4.984053875925104e-07
2019-11-27 15:00:00,-0.7808735283995087,-0.4202762116460191,-0.5716839277087438,1.5472441329691553e-07,2.765342049256204e-07,2.5307992617552215e-07
2019-11-27 15:30:00,-0.10691971354949281,-0.5021566817427374,-0.7808735283995087,4.96910420505249e-07,4.1707432730699453e-07,3.360722446678877e-07
2019-11-27 16:00:00,-0.8299018180362836,-0.2307325396905866,-0.10691971354949281,4.814434341374302e-07,1.092309642908614e-06,1.3163802929839618e-06
2019-11-27 16:30:00,-0.4483797776370828,-0.6562083206326325,-0.8299018180362836,2.2047239100681362e-07,2.2319271271106406e-07,1.997607962444454e-07
2019-11-27 17:00:00,-0.020551794794680944,-0.49010298624601834,-0.4483797776370828,1.746601368621247e-07,1.3609898702508397e-07,1.5109129003566544e-07
2019-11-27 17:30:00,-1.0396421952748476,-0.27510598103707223,-0.020551794794680944,6.831821391928496e-08,1.8287525763453277e-07,2.511717587524806e-07
2019-11-27 18:00:00,-0.1506515481501811,-0.6969312306361559,-1.0396421952748476,1.305864909611012e-07,9.424028445994727e-08,7.123008862977626e-08
2019-11-27 18:30:00,2.6450290018489344,-0.3337328885873629,-0.1506515481501811,2.639100265612703e-06,1.672555841959308e-07,2.138731272191914e-07
2019-11-27 19:00:00,0.5220440786210148,0.9775010379968677,2.6450290018489344,3.2319429913482954e-07,6.351125928080115e-07,3.583548562645724e-06
2019-11-27 19:30:00,0.07894857598675742,0.19072540910749472,0.5220440786210148,3.7372201890696916e-07,5.208076276716988e-07,7.723810025580112e-07
2019-11-27 20:00:00,0.4504547792757858,0.022291194603945352,0.07894857598675742,3.9948518045028846e-07,3.2444133443510074e-07,3.656003007354525e-07
2019-11-29 10:00:00,-0.20851787826417478,0.2392305281860827,0.4504547792757858,1.3248121465928807e-06,2.5834112804329193e-06,3.3977502687335436e-06
2019-11-29 10:30:00,-1.0766444799656227,0.008093626214721629,-0.20851787826417478,3.8215601575210366e-07,1.4090326685217468e-06,1.2081260768493306e-06
2019-11-29 11:00:00,-0.6117050243953521,-0.5220922712253222,-1.0766444799656227,4.406619130410896e-07,6.006319465161161e-07,3.6731092076771575e-07
2019-11-29 11:30:00,-0.24001264505389663,-0.4118747282289549,-0.6117050243953521,5.243263185850212e-07,5.502340869654638e-07,4.797629140036554e-07
2019-11-29 12:00:00,0.14064776544760527,-0.2762139773119033,-0.24001264505389663,7.554059047250078e-07,6.204748871122124e-07,6.850316301565065e-07
2019-11-29 12:30:00,-0.4008149122788893,-0.08649910056340539,0.14064776544760527,4.1730424521732743e-07,7.12103324776686e-07,9.51603479128552e-07
2019-11-29 13:00:00,1.2438247723330758,-0.3386698846696473,-0.4008149122788893,1.3114069244444636e-06,3.3577887011191744e-07,3.3599166045152104e-07
2019-11-29 13:30:00,1.8170309091455756,0.4781130482988838,1.2438247723330758,1.7884703130931115e-06,5.842270821645492e-07,1.337797680878923e-06
2019-11-29 14:00:00,-0.0129682753392526,0.8498984962425484,1.8170309091455756,3.874342679200978e-07,1.1442499346751516e-06,3.204834031881494e-06
2019-11-29 14:30:00,0.3042454220035715,0.13311387709304168,-0.0129682753392526,4.3017938292104524e-07,4.517651178540868e-07,4.156563304537232e-07
2019-11-29 15:00:00,0.17680321457995518,0.27140532522321287,0.3042454220035715,3.983585288496404e-07,5.45687345430436e-07,6.00441266836839e-07
2019-11-29 15:30:00,-1.2842581965303737,0.2546607300497231,0.17680321457995518,1.457859998320522e-07,8.465339999345725e-07,8.338649002665686e-07
2019-11-29 16:00:00,0.28756163890138176,-0.4573198858954549,-1.2842581965303737,1.3569926567971987e-06,8.02904976481108e-07,3.7393298961621933e-07
2019-11-29 16:30:00,-1.176751635795437,0.10697376869289524,0.28756163890138176,9.908814707317038e-08,4.45780590126156e-07,5.686091546002477e-07
2019-11-29 17:00:00,-0.4117316982389827,-0.5320662388233313,-1.176751635795437,1.1321153658264373e-07,1.2508771120809657e-07,6.990298362135329e-08
2019-11-29 17:30:00,-0.4636432140274085,-0.24023741458605374,-0.4117316982389827,1.1321153658264373e-07,1.7640024296488344e-07,1.5822843591720957e-07
2019-11-29 18:00:00,-0.25110737413767303,-0.28447588563312387,-0.4636432140274085,1.1321153658264373e-07,1.3645313331447413e-07,1.2146090362515028e-07
2019-12-02 10:00:00,0.7463200400855037,-0.13213956358598938,-0.25110737413767303,3.406046001624995e-06,1.7632948489380653e-06,1.6669487678548067e-06
2019-12-02 10:30:00,1.6316478358802016,0.311877903196101,0.7463200400855037,5.036147072524694e-06,1.6769271394491022e-06,2.7571119042914287e-06
2019-12-02 11:00:00,2.1842680305406663,0.8398496413260854,1.6316478358802016,6.933425977707849e-06,2.2524698348034634e-06,5.294158599118177e-06
2019-12-02 11:30:00,1.1528812686999128,1.1568071267682063,2.1842680305406663,1.8905260687558512e-06,2.3652237806300673e-06,7.036508473069055e-06
2019-12-02 12:00:00,0.8913649865697586,0.8745900394038819,1.1528812686999128,1.5467812159920097e-06,1.8955192989098805e-06,2.665955727276851e-06
2019-12-02 12:30:00,1.5371504380804915,0.806331710419688,0.8913649865697586,2.564407573087494e-06,1.538796175106803e-06,1.7839182889516526e-06
2019-12-02 13:00:00,1.270582009338023,1.1029431683496844,1.5371504380804915,1.3469702162770864e-06,1.4195083690325611e-06,2.333329951310196e-06
2019-12-02 13:30:00,1.2007208070797049,0.9687040042131728,1.270582009338023,9.65654256597538e-07,9.542070700803954e-07,1.374076648490946e-06
2019-12-02 14:00:00,0.4539281017710124,0.8907678243037077,1.2007208070797049,6.075576754101415e-07,1.1718962939365406e-06,1.7012354665765084e-06
2019-12-02 14:30:00,0.5609557539717969,0.5841804748395303,0.4539281017710124,5.560802527141673e-07,7.092648362886696e-07,6.629868575053077e-07
2019-12-02 15:00:00,0.7328918100023039,0.6005357680718245,0.5609557539717969,6.946728542684411e-07,7.583739692936739e-07,7.761727889779569e-07
2019-12-02 15:30:00,1.0573301828039199,0.6530142032230343,0.7328918100023039,1.4634156777519212e-06,1.2171948118887047e-06,1.4038311460441138e-06
2019-12-02 16:00:00,0.7911694029785625,0.7646647091934583,1.0573301828039199,2.2453888954513866e-06,2.7249925315922436e-06,3.888057632119345e-06
2019-12-02 16:30:00,0.6618333407102028,0.6743211281741093,0.7911694029785625,6.070966896100266e-07,7.660653691575968e-07,9.168045673364186e-07
2019-12-02 17:00:00,-0.25673962558774654,0.6254655673152717,0.6618333407102028,1.3219130404894367e-07,3.9803780453269813e-07,4.395244332966711e-07
2019-12-02 17:30:00,0.31985922273091205,0.20653389494840987,-0.25673962558774654,2.41734641783563e-07,2.689719025961205e-07,1.8020803811973787e-07
2019-12-02 18:00:00,0.2755408469550087,0.3938904323889014,0.31985922273091205,1.9169513948733908e-07,2.689021417255255e-07,2.658932378885365e-07
2019-12-02 18:30:00,1.154763357867365,0.3424632672003353,0.2755408469550087,5.946230560776649e-07,3.2888864964640006e-07,3.2752859716543397e-07
2019-12-02 19:00:00,0.7584044128479484,0.7039153751045512,1.154763357867365,4.25533445924575e-07,5.021737416063447e-07,8.393037591049376e-07
2019-12-02 19:30:00,0.8255421312048163,0.5551594961834119,0.7584044128479484,8.350398787104599e-07,7.940834013825798e-07,1.0360927651511903e-06
2019-12-02 20:00:00,0.37557444292540687,0.6515423483094337,0.8255421312048163,3.934788817944954e-07,6.461857181234757e-07,8.188208219159301e-07
2019-12-03 10:00:00,1.6012512000422596,0.4741143242241829,0.37557444292540687,8.093325839022847e-06,3.2673998749911916e-06,3.152617911182867e-06
2019-12-03 10:30:00,1.5561880210328631,1.0375977560106933,1.6012512000422596,4.67010476544253e-06,3.464896935490921e-06,6.482556021331495e-06
2019-12-03 11:00:00,1.6488626930344825,1.0514852220711859,1.5561880210328631,4.2253005010256075e-06,2.8973732754505484e-06,5.110442048120685e-06
2019-12-03 11:30:00,1.6197139170993538,1.1684904233156896,1.6488626930344825,3.3672134034482707e-06,2.6723378081951125e-06,4.600221668633588e-06
2019-12-03 12:00:00,0.5516335048825862,1.2462545787259516,1.6197139170993538,1.356861734396396e-06,3.386805702383499e-06,5.238970939257124e-06
2019-12-03 12:30:00,0.838375567075424,0.8268082395495499,0.5516335048825862,1.2750082067841094e-06,1.5706301926099883e-06,1.270081090557182e-06
2019-12-03 13:00:00,0.11246036903388301,0.8943274647415675,0.838375567075424,4.4809578783457946e-07,1.2204388242119886e-06,1.2287988369580792e-06
2019-12-03 13:30:00,1.0032000122165048,0.5154396482679884,0.11246036903388301,7.925733549020311e-07,6.064463987813478e-07,4.3156391218120384e-07
2019-12-03 14:00:00,0.3880281720421994,0.8101502461817028,1.0032000122165048,5.68810409952725e-07,1.0811287375321883e-06,1.396311249094227e-06
2019-12-03 14:30:00,0.9938283072094549,0.5245358461994512,0.3880281720421994,8.572976516884014e-07,6.681978839378608e-07,6.207045708973823e-07
2019-12-03 15:00:00,1.1516126736705168,0.7713151488295303,0.9938283072094549,1.0559138559458987e-06,8.996052067519575e-07,1.1966098527100007e-06
2019-12-03 15:30:00,1.4308310421543506,0.8401715025796507,1.1516126736705168,2.1260675825294542e-06,1.4677141287654475e-06,2.1338458087259275e-06
2019-12-03 16:00:00,1.3029690947380832,1.0373972962712068,1.4308310421543506,3.7459618707923495e-06,3.5794110456443216e-06,5.6486160537474245e-06
2019-12-03 16:30:00,0.6375128947128044,1.0141483114816032,1.3029690947380832,5.925099246494499e-07,1.0760957112404876e-06,1.5294967206649993e-06
2019-12-03 17:00:00,0.4142212874615705,0.7495942637778171,0.6375128947128044,2.4849858100540457e-07,4.3307103134643656e-07,4.122372110764393e-07
2019-12-03 17:30:00,-0.2641588452689856,0.6352317931431463,0.4142212874615705,1.483626710463663e-07,4.544746072049998e-07,3.8796304303684965e-07
2019-12-03 18:00:00,0.6543304523308464,0.294448820477857,-0.2641588452689856,2.7997376443113287e-07,2.4344862048697417e-07,1.4827620713670392e-07
2019-12-03 18:30:00,0.13929188382104485,0.6161617162628177,0.6543304523308464,2.153912650225193e-07,4.324288013298072e-07,4.783606645034999e-07
2019-12-03 19:00:00,0.8689235988277986,0.34074108912245293,0.13929188382104485,4.899701187798203e-07,3.600538289342023e-07,3.134321434535835e-07
2019-12-03 19:30:00,1.446977845090041,0.6543786178639807,0.8689235988277986,1.6453539241145389e-06,9.281591462631701e-07,1.2247925251464387e-06
2019-12-03 20:00:00,0.8945588922504051,0.9438242113425198,1.446977845090041,6.965484225167593e-07,9.118671222431209e-07,1.6058788606928348e-06
2019-12-04 10:00:00,0.8589726715861321,0.7822701222278572,0.8945588922504051,3.983968466501833e-06,4.5982119570009744e-06,5.4779713537176635e-06
2019-12-04 10:30:00,0.5775208277587094,0.8313835317130108,0.8589726715861321,1.7550797752517214e-06,2.8192437168135512e-06,3.0858784076055516e-06
2019-12-04 11:00:00,0.48128338906666635,0.7529289355193445,0.5775208277587094,1.3145719230307803e-06,2.149527977956917e-06,1.920563655792568e-06
2019-12-04 11:30:00,0.25617762748255224,0.6778261270793009,0.48128338906666635,8.936939769927627e-07,1.6978254364318905e-06,1.4852514547749969e-06
2019-12-04 12:00:00,-0.5908594138447523,0.5527878469031611,0.25617762748255224,4.5478415236959984e-07,1.7785644415347652e-06,1.4077249272985001e-06
2019-12-04 12:30:00,-0.2139054869924859,0.1481453254317576,-0.5908594138447523,5.03067816914147e-07,9.004255149190389e-07,4.578956204591422e-07
2019-12-04 13:00:00,-0.4494114078097944,0.1771577791968844,-0.2139054869924859,2.817972446620088e-07,6.571081760273814e-07,4.732216762115424e-07
2019-12-04 13:30:00,0.16849732029360176,-0.0031954378505434505,-0.4494114078097944,3.776722464167308e-07,3.9640072682171494e-07,2.701529323060303e-07
2019-12-04 14:00:00,-0.35123754814530805,0.2003956892679361,0.16849732029360176,2.773566229945057e-07,6.000596163214277e-07,6.188786369549355e-07
2019-12-04 14:30:00,0.0484425586313737,-0.043821331439409,-0.35123754814530805,3.894426959290754e-07,4.4254603366345207e-07,3.465083171814613e-07
2019-12-04 15:00:00,0.24302358344171004,0.1403737381302645,0.0484425586313737,4.3075637176257047e-07,4.84435584455232e-07,4.7051688179072873e-07
2019-12-04 15:30:00,-0.1621037832877139,0.2377828104123296,0.24302358344171004,4.322890758586393e-07,8.035768003463196e-07,8.60137348834112e-07
2019-12-04 16:00:00,0.45138417109609996,0.10924387354751115,-0.1621037832877139,1.5985444583630681e-06,1.4148801838213958e-06,1.1485218220813165e-06
2019-12-04 16:30:00,1.5886902616682974,0.36638582031411693,0.45138417109609996,1.5338634928990877e-06,5.630295968015601e-07,6.52694445708909e-07
2019-12-04 17:00:00,-0.5321683233360517,0.9078456426678223,1.5886902616682974,9.645219765094094e-08,5.073256667551593e-07,1.0671814634308214e-06
2019-12-04 17:30:00,-1.1225997351356192,0.01738970929885214,-0.5321683233360517,5.573831862976955e-08,2.1718487495483627e-07,1.334823774563555e-07
2019-12-04 18:00:00,-0.6345218768117746,-0.29987858446690696,-1.1225997351356192,8.049261527918308e-08,1.4017622548826232e-07,6.555947739244701e-08
2019-12-04 18:30:00,0.2776344152023338,-0.15845316001933807,-0.6345218768117746,2.659641843086488e-07,2.142976050374271e-07,1.4175150479938143e-07
2019-12-04 19:00:00,0.7182229871412016,0.18220812093794925,0.2776344152023338,4.5018802069065515e-07,3.2823903253108517e-07,3.8450121292525944e-07
2019-12-04 19:30:00,0.17144723550270768,0.32110391462435234,0.7182229871412016,4.789542669324138e-07,6.93224183141952e-07,1.0980059758410121e-06
2019-12-04 20:00:00,-0.008304142835486417,0.13871364391272262,0.17144723550270768,3.1852452813935607e-07,4.5980795714901023e-07,5.058909124421502e-07
2019-12-05 10:00:00,0.7494369769650113,0.11114831035205244,-0.008304142835486417,3.7390786129078696e-06,2.461183180276687e-06,2.3255772720245635e-06
2019-12-05 10:30:00,1.0901417242287934,0.5002087959488988,0.7494369769650113,2.930389086789448e-06,2.0244416369367916e-06,2.7657190550712743e-06
2019-12-05 11:00:00,0.48274609244448463,0.7017802538349722,1.0901417242287934,1.316496158772967e-06,2.04234690701152e-06,3.2066911469091455e-06
2019-12-05 11:30:00,0.5461751216933184,0.4388574460803219,0.48274609244448463,1.1943542039322766e-06,1.336934887126789e-06,1.4874255267183744e-06
2019-12-05 12:00:00,-0.08101680630453778,0.4847452015465831,0.5461751216933184,7.572288530505458e-07,1.66157159761169e-06,1.8813175742291456e-06
2019-12-05 12:30:00,-0.31479900037093955,0.2193867583904918,-0.08101680630453778,4.082581007069193e-07,8.679872108971817e-07,6.844064487153216e-07
2019-12-05 13:00:00,0.10877883149117906,0.07298868844593112,-0.31479900037093955,4.3740323325624844e-07,5.259241520893672e-07,3.7999111258667086e-07
2019-12-05 13:30:00,0.05009174415324047,0.18086493745015053,0.10877883149117906,3.791881321474815e-07,5.38559139779245e-07,5.335697253139981e-07
2019-12-05 14:00:00,0.8394926921632209,0.11187081953422189,0.05009174415324047,9.123597418487321e-07,5.492227742520572e-07,5.497719820881305e-07
2019-12-05 14:30:00,-0.14687860697129373,0.4523918820917572,0.8394926921632209,3.5275285167892925e-07,8.004145744733485e-07,1.2551484986015988e-06
2019-12-05 15:00:00,2.277962282653471,0.066091349624394,-0.14687860697129373,3.2960543044635933e-06,4.497545913118464e-07,3.8703327579971934e-07
2019-12-05 15:30:00,0.38338874244119836,1.1543036024722124,2.277962282653471,7.372313455790834e-07,1.98606039066148e-06,6.5051241823377455e-06
2019-12-05 16:00:00,-0.10561727048073699,0.33604158847028276,0.38338874244119836,9.391180059948496e-07,1.820181772131173e-06,2.032084418543895e-06
2019-12-05 16:30:00,-0.2709165707659391,0.19994778442583266,-0.10561727048073699,2.4514377949452794e-07,4.89214427945178e-07,3.837588612929068e-07
2019-12-05 17:00:00,-0.20917961310919786,0.0831540290356252,-0.2709165707659391,1.2446341936432478e-07,2.0777113099578624e-07,1.5526682536475394e-07
2019-12-05 17:30:00,0.32507440784253916,0.08863320403543049,-0.20917961310919786,2.126272231286713e-07,2.0917912663172268e-07,1.6536525293267683e-07
2019-12-05 18:00:00,0.4077039242775573,0.2254300983285399,0.32507440784253916,2.1878059367654733e-07,2.2721283877620975e-07,2.6728354254097504e-07
2019-12-05 18:30:00,-0.5864467994080407,0.27933139744465196,0.4077039242775573,1.2047044412721605e-07,3.568352855794491e-07,4.3199990388373274e-07
2019-12-05 19:00:00,-0.369235620221799,-0.172648553219665,-0.5864467994080407,1.5174579384492363e-07,2.3018548179919937e-07,1.620436476502367e-07
2019-12-05 19:30:00,1.520463648922382,-0.09461833316401853,-0.369235620221799,1.8457141045729893e-06,4.5743335212361845e-07,3.7010711256787336e-07
2019-12-05 20:00:00,0.020143251881414415,0.765158981789734,1.520463648922382,3.1001987794316594e-07,8.138237305857724e-07,1.844248231865992e-06
2019-12-06 10:00:00,0.2525750819108499,0.15828381940983735,0.020143251881414415,2.3376272979046686e-06,2.6509997283213833e-06,2.458557524581038e-06
2019-12-06 10:30:00,-0.30143769840968204,0.244848846293292,0.2525750819108499,8.296763831840672e-07,1.7854288497462132e-06,1.915853897054816e-06
2019-12-06 11:00:00,0.06237334987272902,0.01798724483629959,-0.30143769840968204,9.343788034347675e-07,1.1138608135543516e-06,8.617292059056686e-07
2019-12-06 11:30:00,-0.5110431391588932,0.2181415498742549,0.06237334987272902,4.4366974291122705e-07,1.1463712527046084e-06,1.0445768441810967e-06
2019-12-06 12:00:00,-1.0337363682338,-0.1346443387787357,-0.5110431391588932,2.783181932472271e-07,8.523086412944148e-07,6.22864166947527e-07
2019-12-06 12:30:00,-1.1950261641193833,-0.43527183013039383,-1.0337363682338,1.5010462852218536e-07,3.998856199301706e-07,2.340401230023041e-07
2019-12-06 13:00:00,-0.6840051357227654,-0.5256549282592324,-1.1950261641193833,2.201960604008224e-07,3.2148799044449215e-07,1.752769861940302e-07
2019-12-06 13:30:00,-0.7109345590347527,-0.4188292792240759,-0.6840051357227654,1.7715165428973078e-07,2.9565791607540007e-07,2.4148462080789615e-07
2019-12-06 14:00:00,-1.437676088860833,-0.5059253296347342,-0.7109345590347527,9.358457613806902e-08,2.9610318510730216e-07,2.568461611851726e-07
2019-12-06 14:30:00,-0.46405605497198543,-0.8724637707294449,-1.437676088860833,2.330344154898009e-07,1.930347222003812e-07,1.1679687453389734e-07
2019-12-06 15:00:00,-0.5324630238279635,-0.4906209600582916,-0.46405605497198543,2.0165419902610131e-07,2.620376133448775e-07,2.8652663809333656e-07
2019-12-06 15:30:00,-0.41395046460857365,-0.5308325718276056,-0.5324630238279635,3.3214198316059935e-07,3.682536908734612e-07,3.914744198899309e-07
2019-12-06 16:00:00,-0.03214222461251737,-0.4961414480818058,-0.41395046460857365,1.0107179401709359e-06,7.91958200542565e-07,9.155071237438607e-07
2019-12-06 16:30:00,-0.323936885134648,-0.3074047092662739,-0.03214222461251737,2.3248473782832425e-07,2.945498923879794e-07,4.130172814623233e-07
2019-12-06 17:00:00,0.14204486210947564,-0.37133380232460944,-0.323936885134648,1.6761664898932596e-07,1.250098462196343e-07,1.3957023757194122e-07
2019-12-06 17:30:00,0.030224544141317367,-0.16436740603431696,0.14204486210947564,1.765302299757795e-07,1.8108958142195256e-07,2.619575978772205e-07
2019-12-06 18:00:00,0.4511587044337855,-0.1623536365395606,0.030224544141317367,2.3583349009908268e-07,1.5912742752784455e-07,2.054211046951006e-07
2019-12-06 18:30:00,-1.743510230062645,0.06709066319204238,0.4511587044337855,3.503624405622618e-08,2.6695380035048366e-07,4.173487490038883e-07
2019-12-06 19:00:00,-1.8971273530460948,-0.9073541470734554,-1.743510230062645,3.224833741005617e-08,1.0812969024944315e-07,4.9896647088966316e-08
2019-12-06 19:30:00,-2.4371774698948983,-1.061435194717282,-1.8971273530460948,3.526815426601312e-08,1.7395807712679278e-07,8.031052829257471e-08
2019-12-06 20:00:00,-1.2429758849300967,-1.425755575953942,-2.4371774698948983,9.066687412032109e-08,9.411373731917298e-08,3.6447055632226586e-08
2019-12-09 10:00:00,-0.4910559524729301,-1.0252532924513913,-1.2429758849300967,1.1112721112776932e-06,8.117196256652315e-07,6.9520790729066e-07
2019-12-09 10:30:00,-1.0146088415953258,-0.7683563366391734,-0.4910559524729301,4.066141013772285e-07,6.482061214200819e-07,9.107675149875521e-07
2019-12-09 11:00:00,-0.3976933086254064,-0.9792698947230314,-1.0146088415953258,5.858122274409952e-07,4.081008677694196e-07,4.194540440007183e-07
2019-12-09 11:30:00,-0.9071320406902306,-0.6318141251328583,-0.3976933086254064,2.985661635950343e-07,4.899979096352316e-07,6.593803234397392e-07
2019-12-09 12:00:00,-1.00552182189592,-0.8467945493601786,-0.9071320406902306,2.767012912363875e-07,4.0413843231223116e-07,4.0512616240961256e-07
2019-12-09 12:30:00,-0.4025235695128444,-0.847224504229805,-1.00552182189592,3.019859389082267e-07,2.412349052378381e-07,2.1925871950981842e-07
2019-12-09 13:00:00,-0.21208785742181036,-0.5803183110692904,-0.4025235695128444,2.8651665119222706e-07,2.470665782296069e-07,3.1426329004658187e-07
2019-12-09 13:30:00,0.019824672622073436,-0.4500580174038216,-0.21208785742181036,3.6788316497575763e-07,2.8656757117971163e-07,3.871154881139907e-07
2019-12-09 14:00:00,-0.2078684469690799,-0.3454922775604111,0.019824672622073436,3.2011273382207966e-07,3.4763081631321176e-07,5.333812945045261e-07
2019-12-09 14:30:00,0.5625725799850549,-0.3747820333752133,-0.2078684469690799,6.505478041571523e-07,3.17523495716577e-07,3.9951206012580686e-07
2019-12-09 15:00:00,0.016957194871645598,0.019764452021672686,0.5625725799850549,3.398652762440186e-07,4.247276744408507e-07,7.782399331746895e-07
2019-12-09 15:30:00,-0.3191357080271384,-0.22822021134442905,0.016957194871645598,3.3684282855502875e-07,4.597227460379225e-07,6.255176434883086e-07
2019-12-09 16:00:00,-0.29439495185082976,-0.40980516384320137,-0.3191357080271384,7.347125780295186e-07,8.157931319626875e-07,9.510901114099223e-07
2019-12-09 16:30:00,0.9291014825991848,-0.39022536184323325,-0.29439495185082976,8.13920704678405e-07,2.71137954905959e-07,3.177410391035983e-07
2019-12-09 17:00:00,0.6394838227447011,0.1783753475805572,0.9291014825991848,2.756462887723421e-07,2.1661068282283307e-07,4.886303814084045e-07
2019-12-09 17:30:00,1.2856871359316528,0.096140355098289,0.6394838227447011,6.01281605652022e-07,2.2805988623928707e-07,4.181040268392591e-07
2019-12-09 18:00:00,0.363413931941551,0.458062571989507,1.2856871359316528,2.4926377339548823e-07,3.414673115946014e-07,8.318524379345524e-07
2019-12-09 18:30:00,-0.16460191282364178,0.17151805246862686,0.363413931941551,1.6991382340678108e-07,2.9633868322479524e-07,3.822892145603548e-07
2019-12-09 19:00:00,0.37589205704152207,-0.0252109198442627,-0.16460191282364178,3.1308850020210436e-07,2.612491551948761e-07,2.419817052438434e-07
2019-12-09 19:30:00,0.4215619031258555,0.17014903157835254,0.37589205704152207,6.150599755943052e-07,5.960941118734629e-07,7.797085019868343e-07
2019-12-09 20:00:00,0.42241911232707885,0.18301165666368757,0.4215619031258555,4.794248052646247e-07,4.702531914854297e-07,6.35619459372851e-07
2019-12-10 10:00:00,1.103574553860149,0.1441554171189492,0.42241911232707885,5.328004606307198e-06,2.5437752811003244e-06,3.577597738555022e-06
2019-12-10 10:30:00,0.39941999056648037,0.4797078961275971,1.103574553860149,1.4687526081587207e-06,1.9833612925405397e-06,3.941014723333507e-06
2019-12-10 11:00:00,-0.18552987152048317,0.2212016568627631,0.39941999056648037,7.242689087452493e-07,1.3555816732619309e-06,1.7250008161678857e-06
2019-12-10 11:30:00,1.875998375123615,0.015992350428133482,-0.18552987152048317,4.4371189438955205e-06,8.607862202750634e-07,7.492723292052787e-07
2019-12-10 12:00:00,0.24645885710979165,0.9153517279857082,1.875998375123615,9.676972037942888e-07,2.354076419218789e-06,6.550711485908982e-06
2019-12-10 12:30:00,0.486359780607998,0.284226460197207,0.24645885710979165,7.345542161005044e-07,7.478647407331318e-07,7.668054197690909e-07
2019-12-10 13:00:00,0.6832996621643463,0.3625840975695045,0.486359780607998,6.994495774564783e-07,6.324934032170834e-07,7.622114589949795e-07
2019-12-10 13:30:00,0.2652641715964137,0.46797509187370695,0.6832996621643463,4.847245782404802e-07,7.39802617584844e-07,9.769998870739702e-07
2019-12-10 14:00:00,-0.4298326795247629,0.33292603882056726,0.2652641715964137,2.563923771733478e-07,6.850962644063192e-07,6.817588764163222e-07
2019-12-10 14:30:00,0.20420474516641995,-0.04305510196438103,-0.4298326795247629,5.011227228987675e-07,4.876913993687258e-07,3.527232652878036e-07
2019-12-10 15:00:00,0.003712045741973924,0.19043223317136884,0.20420474516641995,3.4027961523405744e-07,5.11107281520142e-07,5.517696028315097e-07
2019-12-10 15:30:00,0.24809093317201203,0.08667325174894791,0.003712045741973924,5.93978473407301e-07,6.298722649998136e-07,6.172871960932976e-07
2019-12-10 16:00:00,0.6994325180477343,0.17315789195953055,0.24809093317201203,1.9848663131839115e-06,1.4613615722875747e-06,1.6771235857133753e-06
2019-12-10 16:30:00,0.10187789415360982,0.39647420213423873,0.6994325180477343,3.8223291502063514e-07,6.395201334256563e-07,9.219167881809285e-07
2019-12-10 17:00:00,-0.7057114087813332,0.1779353987677457,0.10187789415360982,7.180278401385282e-08,2.165154061700448e-07,2.136593125415427e-07
2019-12-10 17:30:00,-1.7877762540105842,-0.18536145385291247,-0.7057114087813332,3.0435424934553206e-08,1.8831454410241405e-07,1.191689537140205e-07
2019-12-10 18:00:00,-0.5550005961044935,-0.7018439996917591,-1.7877762540105842,1.1161382748079175e-07,1.200962120322629e-07,4.3169726869904234e-08
2019-12-10 18:30:00,0.8840389680845107,-0.23320818535289412,-0.5550005961044935,4.35063773073402e-07,1.7738759120264564e-07,1.3690992900524528e-07
2019-12-10 19:00:00,0.37711356242278526,0.35212502058824,0.8840389680845107,3.3908185021964123e-07,4.1213238893916446e-07,7.469790402329164e-07
2019-12-10 19:30:00,0.0755117629017068,0.15889450651514342,0.37711356242278526,4.3514079444843093e-07,5.894229664542126e-07,7.80661502046683e-07
2019-12-10 20:00:00,0.568583529149409,0.06300334957111685,0.0755117629017068,5.548797811800245e-07,4.1707370127565855e-07,4.496861566242117e-07
2019-12-11 10:00:00,-0.2638702880866859,0.3715027751497762,0.568583529149409,1.3947163617602634e-06,3.281024694822578e-06,4.254660979710613e-06
2019-12-11 10:30:00,-0.827980952112032,0.08766162243402,-0.2638702880866859,4.900426711434847e-07,1.5257276052556633e-06,1.143070488336454e-06
2019-12-11 11:00:00,-0.23231439224088035,-0.22091386583195538,-0.827980952112032,6.911647539389451e-07,8.711989772523028e-07,5.055170970407475e-07
2019-12-11 11:30:00,0.09744076220902365,-0.026525548610746387,-0.23231439224088035,8.153067026791501e-07,8.975687342630649e-07,7.779633432938424e-07
2019-12-11 12:00:00,-0.5230507599662619,0.15800808438769537,0.09744076220902365,4.637987118577767e-07,1.1420739460050942e-06,1.144602124180899e-06
2019-12-11 12:30:00,-0.35703367974571165,-0.1802789328041785,-0.5230507599662619,3.4700009676022287e-07,5.160333800290713e-07,3.900122600863634e-07
2019-12-11 13:00:00,-0.2845714579098857,-0.15885691541538008,-0.35703367974571165,3.2830794050080664e-07,4.6394137676402237e-07,4.051915771549936e-07
2019-12-11 13:30:00,-0.46174186259224825,-0.1026193560642325,-0.2845714579098857,2.3739026821745882e-07,4.236550836881151e-07,3.7605901618239994e-07
2019-12-11 14:00:00,-0.07627239199855929,-0.20999529338347211,-0.46174186259224825,3.651357790908005e-07,3.980740439929982e-07,3.2953086029165473e-07
2019-12-11 14:30:00,0.6498224637241687,-0.10087861814463359,-0.07627239199855929,8.223873600508365e-07,4.837663734797761e-07,5.279422303193598e-07
2019-12-11 15:00:00,1.4255344541663177,0.25653391386192526,0.6498224637241687,1.4147285287878416e-06,5.477308663730365e-07,8.642405504760831e-07
2019-12-11 15:30:00,0.5097106797617599,0.666262330957377,1.4255344541663177,8.364976256497354e-07,1.2190985617614276e-06,2.773645094100721e-06
2019-12-11 16:00:00,0.7890830033401208,0.31853236454713646,0.5097106797617599,2.354734548885161e-06,1.8330275740282531e-06,2.362985532366265e-06
2019-12-11 16:30:00,-0.6635538140547226,0.513783491379801,0.7890830033401208,1.7778917527815819e-07,7.191193891635316e-07,1.0083851343086878e-06
2019-12-11 17:00:00,-0.3819273721722105,-0.120614026838687,-0.6635538140547226,9.837622589702221e-08,1.5920682786571978e-07,9.849865787205536e-08
2019-12-11 17:30:00,0.6358337648303554,-0.0663483564537959,-0.3819273721722105,3.435103501759146e-07,2.1211461578473282e-07,1.647330527943986e-07
2019-12-11 18:00:00,-0.15388430514513907,0.29288041998972014,0.6358337648303554,1.666942398864086e-07,3.2473764434350184e-07,4.87236436684143e-07
2019-12-11 18:30:00,-0.49502268279810124,-0.0494835336062117,-0.15388430514513907,1.2210369190738572e-07,2.3757928853771983e-07,2.278936769992264e-07
2019-12-11 19:00:00,-0.84065997567442,-0.26419679704472093,-0.49502268279810124,1.0398636906030107e-07,2.3062998969278603e-07,1.949547173490759e-07
2019-12-11 19:30:00,0.029885549253620525,-0.40883176518045905,-0.84065997567442,4.3307089057564936e-07,3.480255050191861e-07,2.406217276137747e-07
2019-12-11 20:00:00,-0.45422036274210775,-0.025147486530330616,0.029885549253620525,2.1378900722328978e-07,4.0917956950892136e-07,4.6034015760921097e-07
2019-12-12 10:00:00,1.607109528924708,-0.26783403784308557,-0.45422036274210775,9.058204183881796e-06,1.7312071981755562e-06,1.5299134898374558e-06
2019-12-12 10:30:00,1.8260150236217232,0.6382952837770018,1.607109528924708,6.963854775129137e-06,2.646148206942129e-06,7.423850586260524e-06
2019-12-12 11:00:00,0.8311918762786679,0.8943780393682842,1.8260150236217232,2.0019650299077217e-06,2.6575563200625035e-06,7.18375736937788e-06
2019-12-12 11:30:00,0.9073669868360028,0.6198280380572774,0.8311918762786679,1.936562874496524e-06,1.8102543973246581e-06,2.3812124081708125e-06
2019-12-12 12:00:00,1.309420899089428,0.6459874658299775,0.9073669868360028,2.8014187781822698e-06,1.7981964847854623e-06,2.4866645622407185e-06
2019-12-12 12:30:00,1.6757691437170354,0.9544536263795984,1.309420899089428,2.4131136646030373e-06,1.4618372293952709e-06,2.2198504798095053e-06
2019-12-12 13:00:00,1.6030610441266173,1.1040542388010433,1.6757691437170354,1.8783194910701876e-06,1.4211442140190916e-06,2.6803725206939686e-06
2019-12-12 13:30:00,1.466086455249048,1.1066677987836102,1.6030610441266173,1.610666155154723e-06,1.401188556743045e-06,2.450991507036138e-06
2019-12-12 14:00:00,0.3989690912300343,1.0411232562806108,1.466086455249048,5.750678875393641e-07,1.362033267374747e-06,2.2182539564562694e-06
2019-12-12 14:30:00,1.648909941415873,0.5357616989780383,0.3989690912300343,2.2334416213039385e-06,9.143764960157359e-07,8.491436309948405e-07
2019-12-12 15:00:00,3.4907013784339362,1.0830733006170463,1.648909941415873,1.115741818222687e-05,1.2517820227995748e-06,2.3471066191151e-06
2019-12-12 15:30:00,1.2746160012536496,2.002361868288123,3.4907013784339362,1.7974585031877765e-06,4.637666077557808e-06,2.1874668937707294e-05
2019-12-12 16:00:00,0.9443732320256437,1.0870637298588868,1.2746160012536496,3.186819066148562e-06,4.580487377757054e-06,5.883408240692388e-06
2019-12-12 16:30:00,1.2378754048672551,0.9480052585833211,0.9443732320256437,1.190379756967084e-06,1.1101486009171932e-06,1.1777907089854487e-06
2019-12-12 17:00:00,1.7705951831783846,1.157884541114997,1.2378754048672551,8.268765226386366e-07,5.583781281378449e-07,6.440689555245143e-07
2019-12-12 17:30:00,1.5708155115390756,1.3337011864918362,1.7705951831783846,8.749782154627338e-07,8.602097991691558e-07,1.4177818577010832e-06
2019-12-12 18:00:00,1.054574262009094,1.1481118903273781,1.5708155115390756,5.581455677944678e-07,7.637565438437538e-07,1.2410725547570544e-06
2019-12-12 18:30:00,2.4716804546382036,0.9222292099777559,1.054574262009094,2.372201616067477e-06,6.277952999370734e-07,7.630608342086649e-07
2019-12-12 19:00:00,0.7819093640831944,1.5715028644421958,2.4716804546382036,5.082824647252037e-07,1.3951015313879376e-06,3.6543686186352772e-06
2019-12-12 19:30:00,0.8521230047444064,0.8714837584077881,0.7819093640831944,9.831431986802405e-07,1.249135743531422e-06,1.2161085665080892e-06
2019-12-12 20:00:00,0.09398045213737305,0.8595668531215892,0.8521230047444064,3.698843525038687e-07,9.91152536812443e-07,1.0475434647832446e-06
2019-12-13 10:00:00,1.3329158586549976,0.48896037686643484,0.09398045213737305,6.885909460178017e-06,3.6899517507222505e-06,2.646960514599435e-06
2019-12-13 10:30:00,2.1418310001088425,1.071194279965797,1.3329158586549976,1.1455981542944145e-05,4.893789374405207e-06,6.769769599749499e-06
2019-12-13 11:00:00,2.522188529234965,1.4455677633546216,2.1418310001088425,1.0860429539005263e-05,4.6117009005738256e-06,9.851645855615724e-06
2019-12-13 11:30:00,1.2641229657024269,1.7590343272673994,2.522188529234965,2.8369790978624748e-06,5.799332341002375e-06,1.324573412568812e-05
2019-12-13 12:00:00,1.1034295196957817,1.2972838063550172,1.2641229657024269,2.279906916300151e-06,3.448986949992148e-06,3.5526658244121052e-06
2019-12-13 12:30:00,0.8909100890714665,1.2856868428151997,1.1034295196957817,1.100823830144749e-06,2.0358781259877404e-06,1.8066033188204077e-06
2019-12-13 13:00:00,0.6409529971906736,1.1816251036883152,0.8909100890714665,7.176806704228946e-07,1.5357720158849938e-06,1.2227430426201882e-06
2019-12-13 13:30:00,-0.581059971655943,0.9460777091828877,0.6409529971906736,2.106898989206144e-07,1.209082041824837e-06,9.488688055448669e-07
2019-12-13 14:00:00,0.6550514253307771,0.21154736430607038,-0.581059971655943,7.429066765146657e-07,5.941655711441021e-07,2.8638275847026343e-07
2019-12-13 14:30:00,0.2365978533662716,0.5745178487161656,0.6550514253307771,5.440204916587759e-07,9.505098811548278e-07,1.0969739163931165e-06
2019-12-13 15:00:00,0.6403006806177558,0.3749471680140261,0.2365978533662716,6.451347215954753e-07,6.165856859525479e-07,5.71706949815457e-07
2019-12-13 15:30:00,-0.00499566799322082,0.49330306697037457,0.6403006806177558,4.999546199651774e-07,1.025471429267156e-06,1.2648184575174184e-06
2019-12-13 16:00:00,0.14562183051776856,0.21289794923770736,-0.00499566799322082,1.4337191322504262e-06,1.9110247685218338e-06,1.6364423022054439e-06
2019-12-13 16:30:00,0.4104311316687408,0.34674392984720953,0.14562183051776856,5.203925265171302e-07,6.084944741650568e-07,5.298766695594108e-07
2019-12-13 17:00:00,0.06476927880911099,0.42547723255405806,0.4104311316687408,1.537758187027257e-07,2.7486921988267175e-07,2.8830757186645467e-07
2019-12-13 17:30:00,1.2199779505066353,0.2531728528017129,0.06476927880911099,6.160705143941427e-07,2.9196910104442794e-07,2.5750083244070417e-07
2019-12-13 18:00:00,-0.3642781001978541,0.7579755125570695,1.2199779505066353,1.38967119606276e-07,5.31967616336002e-07,8.990724335143151e-07
2019-12-13 18:30:00,-0.7850767236113381,0.1052199467849358,-0.3642781001978541,9.136080677543042e-08,2.7732910194479816e-07,1.846542940648562e-07
2019-12-13 19:00:00,-2.1854718829097592,-0.12490775897799483,-0.7850767236113381,3.052638359571569e-08,2.986424735162834e-07,1.643267298474679e-07
2019-12-13 19:30:00,-1.1240441797713707,-0.8484366220811227,-2.1854718829097592,1.410679034741225e-07,2.3158351506698604e-07,6.475972306110246e-08
2019-12-13 20:00:00,-0.8899597532333683,-0.5054715451029468,-1.1240441797713707,1.490073519781482e-07,2.7275542175450924e-07,1.5645703201993256e-07
2019-12-16 10:00:00,0.15786674009966362,-0.5290701866714369,-0.8899597532333683,2.3014614237489815e-06,1.4429635846978357e-06,1.0709948957960246e-06
2019-12-16 10:30:00,-0.3706783369986013,-0.0902475752979168,0.15786674009966362,1.028060916043275e-06,1.6958716076394133e-06,2.31425933671273e-06
2019-12-16 11:00:00,-1.0165020276621703,-0.27331090024043103,-0.3706783369986013,3.155100665736142e-07,8.267260340180754e-07,7.986193905723871e-07
2019-12-16 11:30:00,-0.4214832516708409,-0.542426808969598,-1.0165020276621703,5.600245573542272e-07,6.183958123613927e-07,4.0986672888961884e-07
2019-12-16 12:00:00,-0.9655466111532895,-0.24653436006519008,-0.4214832516708409,2.8798654609068233e-07,7.365798607406292e-07,6.584228273711028e-07
2019-12-16 12:30:00,-0.9907069194224487,-0.5556974990993128,-0.9655466111532895,1.701300855976996e-07,3.2755776518956745e-07,2.315032374904608e-07
2019-12-16 13:00:00,-1.2304920772318013,-0.6475650171257381,-0.9907069194224487,1.1045184642077942e-07,2.465582699308314e-07,1.8627703497699682e-07
2019-12-16 13:30:00,-0.7333512526123371,-0.7863269589893425,-1.2304920772318013,1.8092744564783016e-07,2.1383657164893194e-07,1.4603195530089158e-07
2019-12-16 14:00:00,-0.7003745816954154,-0.6196915449611567,-0.7333512526123371,1.9154914857017514e-07,2.5876468861295797e-07,2.459277888169066e-07
2019-12-16 14:30:00,-0.06276990061562948,-0.6539649203640002,-0.7003745816954154,4.03275181187928e-07,2.782488309024679e-07,2.8284093592291727e-07
2019-12-16 15:00:00,-0.5052828733121775,-0.4098613562673064,-0.06276990061562948,2.0785429894036457e-07,2.8496048258534623e-07,4.2932770878472287e-07
2019-12-16 15:30:00,0.04565936984918828,-0.5403815822205721,-0.5052828733121775,5.275407715932135e-07,3.658695503446024e-07,4.0349096968474195e-07
2019-12-16 16:00:00,-0.09456506927421238,-0.25013793779309756,0.04565936984918828,1.2403874281491129e-06,1.3230538033404413e-06,1.893673149198011e-06
2019-12-16 16:30:00,0.19574220678451404,-0.2795902485770731,-0.09456506927421238,4.560761133594125e-07,3.533358083288226e-07,4.5269682048227105e-07
2019-12-16 17:00:00,-0.025768679542116146,-0.13609949554241038,0.19574220678451404,1.4046493164114094e-07,1.5676042624030072e-07,2.3260435039929804e-07
2019-12-16 17:30:00,1.0577818604922253,-0.22583112421347395,-0.025768679542116146,5.238290226308696e-07,1.8084566741304554e-07,2.352114729835562e-07
2019-12-16 18:00:00,-0.04160354991684656,0.28591371822955186,1.0577818604922253,1.9188800716604385e-07,3.3179616569363094e-07,7.64458325984508e-07
2019-12-16 18:30:00,0.07519725828063883,-0.16716983946755243,-0.04160354991684656,2.1595942838485305e-07,2.1120201835121409e-07,2.5497358370200893e-07
2019-12-16 19:00:00,-0.1918325048239531,-0.11235244262376334,0.07519725828063883,2.2413100478612093e-07,3.0241566146656614e-07,3.884368789938824e-07
2019-12-16 19:30:00,-0.7495349010129679,-0.24687086933242286,-0.1918325048239531,1.9816437814725532e-07,4.082389065284893e-07,4.5928432893742534e-07
2019-12-16 20:00:00,-1.0098271837322326,-0.5210409137958478,-0.7495349010129679,1.3217518692770343e-07,2.685416798003407e-07,2.275319561814425e-07
2019-12-17 10:00:00,0.39761047695044205,-0.7286536834019134,-1.0098271837322326,3.2717050160681564e-06,1.3219907546424503e-06,1.0626266302796933e-06
2019-12-17 10:30:00,0.06073492492982879,-0.09758361836568569,0.39761047695044205,1.5826294680715299e-06,1.6834761429109671e-06,2.9412463857727265e-06
2019-12-17 11:00:00,-0.04823482637877419,-0.35058187260295404,0.06073492492982879,8.308570758307046e-07,7.652498569508519e-07,1.2294199318048806e-06
2019-12-17 11:30:00,-0.8572147731001909,-0.3362424784383252,-0.04823482637877419,3.622190407413715e-07,7.599959133161308e-07,1.0793337770288563e-06
2019-12-17 12:00:00,-0.39419928591599707,-0.6347369919045283,-0.8572147731001909,5.099236911458315e-07,4.996036234675637e-07,4.2586219086412404e-07
2019-12-17 12:30:00,-0.5774987533325433,-0.46211884777683065,-0.39419928591599707,2.571787889609193e-07,3.59690188381427e-07,4.099114593227355e-07
2019-12-17 13:00:00,-0.48305822040151547,-0.5552806101556301,-0.5774987533325433,2.332272975024735e-07,2.703947049493221e-07,2.8158748112251944e-07
2019-12-17 13:30:00,-0.5958046890001523,-0.4914069161290233,-0.48305822040151547,2.0760612645959014e-07,2.8718657229787435e-07,3.08357346549722e-07
2019-12-17 14:00:00,-0.17862792768702818,-0.5420072721860975,-0.5958046890001523,3.227542120667512e-07,2.796680553635151e-07,2.821911039656708e-07
2019-12-17 14:30:00,-0.42416535979783987,-0.311135168244624,-0.17862792768702818,2.8096320044090326e-07,3.920328121131872e-07,4.7657796495284184e-07
2019-12-17 15:00:00,-0.5223348827308065,-0.3540293290757437,-0.42416535979783987,2.0170850332021341e-07,2.974424627066652e-07,2.9526206603851283e-07
2019-12-17 15:30:00,-1.237831851607094,-0.3668514044640252,-0.5223348827308065,1.4743191164246685e-07,4.3897328104251217e-07,4.0010764294585297e-07
2019-12-17 16:00:00,-0.5186509766573177,-0.6646139947743346,-1.237831851607094,8.116694244089124e-07,8.741235908789688e-07,5.246768061510924e-07
2019-12-17 16:30:00,-0.9120994581381119,-0.36719888057012867,-0.5186509766573177,1.6419266399223225e-07,3.528463679582858e-07,3.2290533391320796e-07
2019-12-17 17:00:00,0.5460859031866132,-0.580884790778234,-0.9120994581381119,2.4884057826527217e-07,1.0047745732899318e-07,7.682247790130036e-08
2019-12-17 17:30:00,0.1978724958404019,0.04205870467691331,0.5460859031866132,2.2168467155182506e-07,2.364020199689449e-07,4.1668876543069913e-07
2019-12-17 18:00:00,-1.4611238486810336,-0.058863661480547114,0.1978724958404019,4.512446214233667e-08,2.2855487441854449e-07,3.145965543215231e-07
2019-12-17 18:30:00,-0.1166239184515021,-0.7380755034971513,-1.4611238486810336,1.9193359763637654e-07,1.2848209153693512e-07,6.638822673212381e-08
2019-12-17 19:00:00,-0.6577763755632233,-0.2067322164363627,-0.1166239184515021,1.2046407628010575e-07,2.3568293196488064e-07,2.7461613220201027e-07
2019-12-17 19:30:00,-1.1506558047192783,-0.41593208181085906,-0.6577763755632233,1.326847448746153e-07,3.4474028821855116e-07,2.8822043900318784e-07
2019-12-17 20:00:00,-1.1087791298968703,-0.7104427532205289,-1.1506558047192783,1.1110001303211739e-07,2.0620252940321097e-07,1.4137618767684907e-07
2019-12-18 10:00:00,-0.8488304054615288,-0.7663204294601623,-1.1087791298968703,9.925379561072698e-07,1.3432762591602329e-06,1.0155511271197606e-06
2019-12-18 10:30:00,-0.9863532224182254,-0.6195733488255896,-0.8488304054615288,5.659042283144688e-07,1.017695846762062e-06,8.616230422920974e-07
2019-12-18 11:00:00,-0.41542592187989236,-0.7277218359190084,-0.9863532224182254,5.815773239815446e-07,5.303513280366914e-07,4.360194411147068e-07
2019-12-18 11:30:00,-0.419476211936459,-0.4609179529455475,-0.41542592187989236,5.268394691149936e-07,6.298903748534061e-07,7.019178509105604e-07
2019-12-18 12:00:00,-0.4438626536330048,-0.4276493546720962,-0.419476211936459,4.852177317310443e-07,6.145576054314071e-07,6.597456351675195e-07
2019-12-18 12:30:00,-0.3216402737442543,-0.3763217988373243,-0.4438626536330048,3.321643908406938e-07,3.9191309627700574e-07,3.900511232498475e-07
2019-12-18 13:00:00,-0.9516940461121113,-0.2987132090710799,-0.3216402737442543,1.4596657805931034e-07,3.494813375826432e-07,3.6368992370377906e-07
2019-12-18 13:30:00,-1.3152853268050464,-0.5551796171957262,-0.9516940461121113,1.0110524701478581e-07,2.6944367791422257e-07,1.929871296254867e-07
2019-12-18 14:00:00,-1.0557657936787699,-0.7457969457228643,-1.3152853268050464,1.3086181889514908e-07,2.223388221964407e-07,1.3395348488219095e-07
2019-12-18 14:30:00,-0.1314585326914255,-0.6624758122138978,-1.0557657936787699,3.765046992535556e-07,2.7589073418247327e-07,1.9824298271874448e-07
2019-12-18 15:00:00,-0.8883152222137536,-0.3242262233877954,-0.1314585326914255,1.3988816232696053e-07,3.0644059193651124e-07,3.956658921893094e-07
2019-12-18 15:30:00,-0.4536694247523432,-0.6242908333647526,-0.8883152222137536,3.203709136394993e-07,3.366183071405588e-07,2.752566206083083e-07
2019-12-18 16:00:00,0.09404999230421218,-0.18722926680813962,-0.4536694247523432,1.497862114481946e-06,1.4089591255792168e-06,1.1493420101841296e-06
2019-12-18 16:30:00,-0.584621608660802,-0.010746915076885195,0.09404999230421218,2.2781146254979496e-07,5.039538565638043e-07,5.958924306961066e-07
2019-12-18 17:00:00,-0.488483562840031,-0.2904801104955458,-0.584621608660802,8.843280317581696e-08,1.3433518770481485e-07,1.0658844690054153e-07
2019-12-18 17:30:00,-0.14466707009479052,-0.26607258768495057,-0.488483562840031,1.6719345103809163e-07,1.845347258007948e-07,1.5730793202351738e-07
2019-12-18 18:00:00,-0.483247747502098,-0.10074946586130701,-0.14466707009479052,1.1829261616948749e-07,2.161021650403358e-07,2.2021673631595315e-07
2019-12-18 18:30:00,-0.5401158318267232,-0.43778520794502956,-0.483247747502098,1.2566976494243197e-07,1.7348303692177356e-07,1.7651323046210282e-07
2019-12-18 19:00:00,-0.3613571498785255,-0.48957610917402883,-0.5401158318267232,1.620282677041521e-07,1.7761947842271236e-07,1.7980668943958617e-07
2019-12-18 19:30:00,-0.772159409981132,-0.41089509931577184,-0.3613571498785255,1.9373134310977465e-07,3.4648111960368695e-07,3.876662644225089e-07
2019-12-18 20:00:00,-0.17582958319796305,-0.5987707777700405,-0.772159409981132,2.8241577389991616e-07,2.3056453780064335e-07,2.064216104741932e-07
2019-12-19 10:00:00,-0.957040047273523,-0.34833139169849514,-0.17582958319796305,8.907427034168797e-07,2.0403077150101397e-06,2.581526767396035e-06
2019-12-19 10:30:00,-1.0779193113621641,-0.6322525202600784,-0.957040047273523,5.163881787294935e-07,1.0048737651126659e-06,7.732544970145126e-07
2019-12-19 11:00:00,-0.4133208064592697,-0.7093593625560735,-1.0779193113621641,5.131095963468798e-07,4.7558353842525935e-07,3.502899190450683e-07
2019-12-19 11:30:00,-0.1144881597659122,-0.3038246417006569,-0.4133208064592697,7.147150570273036e-07,7.370377465179556e-07,7.033970253727594e-07
2019-12-19 12:00:00,-0.7459353912822131,-0.15976420515682638,-0.1144881597659122,2.9436566907087646e-07,6.592386447593757e-07,7.344634220184379e-07
2019-12-19 12:30:00,-0.4931312394558507,-0.4701445039089246,-0.7459353912822131,2.5207491571913774e-07,3.214380103063754e-07,2.5976889549952743e-07
2019-12-19 13:00:00,-0.59921314022891,-0.33964747730868255,-0.4931312394558507,1.6845374338672737e-07,2.721405069793781e-07,2.485423588333366e-07
2019-12-19 13:30:00,-0.7614935262888416,-0.36582278671065227,-0.59921314022891,1.7361203950881644e-07,3.213675677924697e-07,2.709606843253907e-07
2019-12-19 14:00:00,-0.5882442331413262,-0.2861126719017904,-0.7614935262888416,2.0885986181436644e-07,3.520899625266461e-07,2.3305731547058943e-07
2019-12-19 14:30:00,-1.0065648666983122,-0.34101545882275475,-0.5882442331413262,1.5222289470851925e-07,3.6907021658153883e-07,3.0690451986466236e-07
2019-12-19 15:00:00,-0.47564359860358607,-0.5328168262044993,-1.0065648666983122,2.1134986461807738e-07,2.487462514768977e-07,1.6492054534112557e-07
2019-12-19 15:30:00,-0.25767665215011526,-0.3251412469071137,-0.47564359860358607,3.8520932956158543e-07,4.4872667132736046e-07,4.1103984217529184e-07
2019-12-19 16:00:00,-1.193609360244663,-0.21497440934036322,-0.25767665215011526,4.2480710957072344e-07,1.4086143991914087e-06,1.4371799585219196e-06
2019-12-19 16:30:00,-1.0015710034911987,-0.8096741593963174,-1.193609360244663,1.5014011729723915e-07,2.2668411061209978e-07,1.644161662789811e-07
2019-12-19 17:00:00,0.14147289596940027,-0.7748037979640028,-1.0015710034911987,1.6346323333087654e-07,8.148370374090955e-08,6.915942793534597e-08
2019-12-19 17:30:00,-0.8703411760696937,-0.2517399263277303,0.14147289596940027,7.853827487131415e-08,1.8168582902666647e-07,2.866524058057467e-07
2019-12-19 18:00:00,-0.6031788767764326,-0.65715502975633,-0.8703411760696937,9.779318468739749e-08,1.1546533823277908e-07,9.934143801566492e-08
2019-12-19 18:30:00,-0.5475710590127711,-0.5713592766970204,-0.6031788767764326,1.2473635202035073e-07,1.517911793086083e-07,1.5656397375099302e-07
2019-12-19 19:00:00,-0.5719080881843972,-0.5178451418607763,-0.5475710590127711,1.2806205568104058e-07,1.6845515137211335e-07,1.7411607626867055e-07
2019-12-19 19:30:00,-0.48582467214922964,-0.5058109989999843,-0.5719080881843972,2.5796066390210627e-07,3.1510705196009667e-07,3.140630895754779e-07
2019-12-19 20:00:00,-0.6657906748962912,-0.503677464076467,-0.48582467214922964,1.614793508139367e-07,2.3664997109326038e-07,2.5652175470324056e-07
2019-12-20 10:00:00,-0.5995837040591407,-0.5665640258253415,-0.6657906748962912,1.2734842873256493e-06,1.6402817125758843e-06,1.5815729701215008e-06
2019-12-20 10:30:00,-0.7801021377533282,-0.4513507602559566,-0.5995837040591407,5.632350798848186e-07,9.75100082805024e-07,8.952345218175588e-07
2019-12-20 11:00:00,-1.2949328304321241,-0.5347876352483368,-0.7801021377533282,2.1248628316804846e-07,5.662945104160419e-07,4.7181092624224577e-07
2019-12-20 11:30:00,-0.6917675747786838,-0.8052761619213675,-1.2949328304321241,3.8220479534220745e-07,4.2519149286706816e-07,2.774557660700173e-07
2019-12-20 12:00:00,0.18321048980429921,-0.5722230043831738,-0.6917675747786838,5.974316567558367e-07,3.4977778355198533e-07,3.3047533490049226e-07
2019-12-20 12:30:00,-0.7728342836296473,-0.19636558105407337,0.18321048980429921,1.8639474109083513e-07,4.1340470938918074e-07,6.43409679141007e-07
2019-12-20 13:00:00,-1.0389148494665932,-0.6229385745359969,-0.7728342836296473,1.0054218476440574e-07,1.899280489858206e-07,1.740822955510713e-07
2019-12-20 13:30:00,-1.1511695729858875,-0.818418741312633,-1.0389148494665932,1.0065012621880973e-07,1.7494871702869183e-07,1.494221207731257e-07
2019-12-20 14:00:00,-1.399789404194772,-0.8466578599722466,-1.1511695729858875,8.983315951364196e-08,1.946449945547167e-07,1.5284803525004205e-07
2019-12-20 14:30:00,-0.8600633566484959,-1.0047007030804025,-1.399789404194772,1.6768791279182039e-07,1.808302762467899e-07,1.2970319677625615e-07
2019-12-20 15:00:00,0.16773653255496512,-0.8417294459503284,-0.8600633566484959,3.848814629445382e-07,1.7478577261587147e-07,1.8272927856127153e-07
2019-12-20 15:30:00,-0.45800111486825834,-0.33600987511250474,0.16773653255496512,2.931695265510989e-07,4.127466299917217e-07,7.2731442035472e-07
2019-12-20 16:00:00,-0.31648363261499135,-0.5622666331892838,-0.45800111486825834,9.935262550968325e-07,9.683263177390197e-07,1.1443741840682818e-06
2019-12-20 16:30:00,1.0130821630650342,-0.44429493137886134,-0.31648363261499135,9.616099177765155e-07,2.790311517881828e-07,3.3761739202260995e-07
2019-12-20 17:00:00,0.025775651849292203,0.16797098366903915,1.0130821630650342,1.4560403500653209e-07,2.091763817320823e-07,5.185661275134996e-07
2019-12-20 17:30:00,0.4547750008416216,-0.14774553227434092,0.025775651849292203,2.707231832333234e-07,1.8468800635130084e-07,2.339173111908093e-07
2019-12-20 18:00:00,1.0604251440356887,0.0366961067654012,0.4547750008416216,4.3949416452544497e-07,1.9676046001384885e-07,3.182523089278861e-07
2019-12-20 18:30:00,0.4587687784973671,0.3863912554156371,1.0604251440356887,3.2168461773767954e-07,3.72890847251045e-07,7.790678798711878e-07
2019-12-20 19:00:00,0.011776709390346696,0.19199271024169937,0.4587687784973671,2.1490116617754413e-07,3.206935129535163e-07,4.45875825690639e-07
2019-12-20 19:30:00,-2.2243540077808497,-0.024948427241550213,0.011776709390346696,4.3632569284957794e-08,4.904390947679709e-07,5.41750079293513e-07
2019-12-20 20:00:00,0.10192917239554156,-1.0392462949600576,-2.2243540077808497,3.4796333778867654e-07,1.3851980382599307e-07,4.509106623814284e-08
2019-12-23 10:00:00,-1.6212866715367458,-0.11978232579045134,0.10192917239554156,4.3448846263678487e-07,2.4302888182919546e-06,3.23005818912857e-06
2019-12-23 10:30:00,-0.7644580068037072,-0.9165269553924433,-1.6212866715367458,4.299954839723703e-07,4.602626962507638e-07,2.4221269320261565e-07
2019-12-23 11:00:00,-1.0921291715120276,-0.657688035440188,-0.7644580068037072,2.3737503402538675e-07,4.567673115724527e-07,4.3710903559992577e-07
2019-12-23 11:30:00,-1.4792815515408346,-0.8739245931655482,-1.0921291715120276,1.4412064147720814e-07,3.2901368408724744e-07,2.816522948163872e-07
2019-12-23 12:00:00,-0.8020092163986128,-0.9997520344685096,-1.4792815515408346,2.2305540400660748e-07,2.280965532830386e-07,1.5035783955254402e-07
2019-12-23 12:30:00,-1.2211785986346584,-0.77876756277485,-0.8020092163986128,1.097532995926959e-07,2.1288195274686593e-07,2.2146724369186185e-07
2019-12-23 13:00:00,-0.9998225790100008,-0.9417657659284581,-1.2211785986346584,9.750308802037768e-08,1.2877059787197283e-07,1.0368922725165894e-07
2019-12-23 13:30:00,-1.3364007222847754,-0.8057160683929244,-0.9998225790100008,6.807141851711773e-08,1.4421910819987325e-07,1.264700809273888e-07
2019-12-23 14:00:00,-1.2365161887449414,-1.0057242251492005,-1.3364007222847754,1.0576581760645302e-07,1.6602045330436538e-07,1.270032967585343e-07
2019-12-23 14:30:00,-1.3568854957879726,-0.9835108746271555,-1.2365161887449414,9.858687455839858e-08,1.7846712372986301e-07,1.4755155466979672e-07
2019-12-23 15:00:00,-0.36526632783214197,-1.0584445390702353,-1.3568854957879726,2.3601424354912333e-07,1.4705484223326657e-07,1.16180287299573e-07
2019-12-23 15:30:00,-0.5538538779545625,-0.6056027800894594,-0.36526632783214197,2.3453077891749173e-07,2.7753015061513993e-07,3.757952995118011e-07
2019-12-23 16:00:00,-0.6204441299539489,-0.6485422831991423,-0.5538538779545625,6.976088230310175e-07,8.452665442460467e-07,9.894200549340208e-07
2019-12-23 16:30:00,-0.5526305999160481,-0.6103024467659288,-0.6204441299539489,2.0091784930201196e-07,2.3635051007146972e-07,2.4912450229299147e-07
2019-12-23 17:00:00,-0.27122647043071524,-0.5174943191018384,-0.5526305999160481,1.0818997677767359e-07,1.0539471842333879e-07,1.0834870682469327e-07
2019-12-23 17:30:00,-0.3995414525718193,-0.3532631543077003,-0.27122647043071524,1.1521274563478992e-07,1.5037772977218257e-07,1.7381048859321898e-07
2019-12-23 18:00:00,-1.5313923592412344,-0.40863647848906054,-0.3995414525718193,3.2910999599648874e-08,1.26046951010899e-07,1.3543990536115907e-07
2019-12-23 18:30:00,-0.30720120254029837,-0.9201941308175857,-1.5313923592412344,1.4954564089616094e-07,1.0095757265558327e-07,5.833957479327457e-08
2019-12-23 19:00:00,-0.36644814906920864,-0.4365868282493125,-0.30720120254029837,1.441604802253336e-07,1.6748270521777263e-07,2.0296717526281814e-07
2019-12-23 19:30:00,-1.199438258586829,-0.46474656775781964,-0.36644814906920864,1.1666361260698102e-07,3.0310461995067593e-07,3.5607984645925424e-07
2019-12-23 20:00:00,-0.6592406037154088,-0.856471451420569,-1.199438258586829,1.6254052364079256e-07,1.662991286999591e-07,1.2566251840994354e-07
2019-12-24 10:00:00,-0.6309750328880774,-0.6674519521915727,-0.6592406037154088,1.0807005907084703e-06,1.298518831155598e-06,1.3940513544191787e-06
2019-12-24 10:30:00,-0.6107419697823122,-0.6124889691676538,-0.6309750328880774,4.351024211228893e-07,5.412742610798736e-07,5.657875120450703e-07
2019-12-24 11:00:00,-0.9091862264790596,-0.5862661495455007,-0.6107419697823122,2.7199844817631127e-07,4.6815904859647215e-07,4.864386621964073e-07
2019-12-24 11:30:00,-1.2954025905488038,-0.7168450034425571,-0.9091862264790596,1.5105616101896147e-07,3.3572787288357825e-07,2.9493006345186786e-07
2019-12-24 12:00:00,-1.2725087263493915,-0.8952021479035959,-1.2954025905488038,1.3934051409717185e-07,2.532352516711747e-07,1.807106279098025e-07
2019-12-24 12:30:00,-0.9237556526480155,-0.891097484628202,-1.2725087263493915,1.34790520930766e-07,1.7355103259863818e-07,1.261963464198748e-07
2019-12-24 13:00:00,0.17583925331839723,-0.7713985226443745,-0.9237556526480155,3.0826997700396016e-07,1.4898264451741893e-07,1.3621727728064407e-07
2019-12-24 13:30:00,-0.27117290305345954,-0.2798375349200815,0.17583925331839723,1.975092158072838e-07,2.4401074503031317e-07,4.0979932887487474e-07
2019-12-24 14:00:00,-1.1956746486585867,-0.43928340462799326,-0.27117290305345954,1.0358368341650035e-07,2.750251953994945e-07,3.46454592276423e-07
2019-12-24 14:30:00,-1.9430648756472042,-0.8155383107761247,-1.1956746486585867,5.485858843250284e-08,2.1110950234585616e-07,1.5370254028817322e-07
2019-12-24 15:00:00,-2.40213671363216,-1.154978649757495,-1.9430648756472042,3.078482184965675e-08,1.3352269760911514e-07,6.464842904784283e-08
2019-12-24 15:30:00,-2.204433731261208,-1.42880353168798,-2.40213671363216,4.501550470136587e-08,1.2184245119743336e-07,4.901734392569109e-08
2019-12-24 16:00:00,-2.710727878937984,-1.4779694425094827,-2.204433731261208,8.626075736652181e-08,3.6878907025844375e-07,1.8990788049263703e-07
2019-12-24 16:30:00,-1.0910078684264715,-1.807127665705774,-2.710727878937984,1.1727467653831331e-07,7.141376918034209e-08,3.080475409267551e-08
2019-12-24 17:00:00,-1.5525223005991151,-1.151778360775758,-1.0910078684264715,3.0041894652241883e-08,5.589240388398783e-08,6.324256202399634e-08
2019-12-24 17:30:00,-1.7437289380172984,-1.325749585481054,-1.5525223005991151,3.0041894652241883e-08,5.6864082116392324e-08,4.82632175668395e-08
2019-12-24 18:00:00,-1.6226063995839901,-1.382979564311762,-1.7437289380172984,3.0041894652241883e-08,4.7575188664220706e-08,3.5316156612284675e-08
2019-12-26 10:00:00,-1.3358077822134113,-1.3161220883503308,-1.6226063995839901,5.340727446302571e-07,6.787883679904079e-07,5.319787975857715e-07
2019-12-26 10:30:00,-1.5199111981397007,-1.1081107762386866,-1.3358077822134113,1.752848256277325e-07,3.297399440345899e-07,2.7960722149447695e-07
2019-12-26 11:00:00,-1.3702804715687087,-1.2037885384289018,-1.5199111981397007,1.7152038387479393e-07,2.524683001130972e-07,1.9596608049579797e-07
2019-12-26 11:30:00,-0.948330000897343,-1.1156478101328238,-1.3702804715687087,2.1373229726974838e-07,2.2531470706245404e-07,1.8598090554800218e-07
2019-12-26 12:00:00,-1.14434138403184,-0.8527433079998564,-0.948330000897343,1.5839438356005384e-07,2.6421885213632845e-07,2.5569097866436916e-07
2019-12-26 12:30:00,-0.25481324676038497,-1.0062796387469755,-1.14434138403184,2.6313423004799304e-07,1.5466933847531625e-07,1.4345284017516637e-07
2019-12-26 13:00:00,-1.1418217268897983,-0.6085424722815208,-0.25481324676038497,9.071026362892458e-08,1.9268204846588794e-07,2.9223234479229286e-07
2019-12-26 13:30:00,-0.7111705083772755,-0.9406140492925587,-1.1418217268897983,1.255393825047969e-07,1.2437082422950894e-07,1.0829278072646225e-07
