date,true_adj,pred_adj,naive_adj,true_raw,pred_raw,naive_raw
2007-08-09 17:00:00,1.8683937827966033,3.0530598163604736,3.5756074863131597,1.5097917932355672e-06,2.467084132606605e-06,2.889338900810797e-06
2007-08-09 17:30:00,2.762270627598606,1.933176040649414,1.8683937827966033,2.0470847865745297e-06,1.432652985932868e-06,1.3846436514507769e-06
2007-08-09 18:00:00,11.387539197580752,3.0409016609191895,2.762270627598606,8.98004825154586e-06,2.398010945952366e-06,2.1782865542129734e-06
2007-08-09 18:30:00,0.5952374056174615,5.355025768280029,11.387539197580752,6.105878642377981e-07,5.493125458741431e-06,1.1681210172540052e-05
2007-08-09 19:00:00,3.5283112394260088,1.7955621480941772,0.5952374056174615,1.6081562011544964e-06,8.183927684014888e-07,2.7130110130492897e-07
2007-08-09 19:30:00,1.836964348450612,3.8273227214813232,3.5283112394260088,8.690377639754267e-07,1.810643730072314e-06,1.6691862924320563e-06
2007-08-09 20:00:00,15.403313361429523,1.974824070930481,1.836964348450612,5.947016664555948e-06,7.624535957827091e-07,7.092277704215381e-07
2007-08-09 20:30:00,7.91953327065544,4.5414137840271,15.403313361429523,3.54188382567784e-06,2.0310742410738977e-06,6.888884053160792e-06
2007-08-09 21:00:00,2.9789208994303515,4.374088764190674,7.91953327065544,1.1632242981489022e-06,1.7080165954522876e-06,3.0924599347994333e-06
2007-08-09 21:30:00,2.93937116660782,3.986703395843506,2.9789208994303515,1.3155853597200668e-06,1.7843437673680407e-06,1.3332867817361945e-06
2007-08-09 22:00:00,2.1864401872234804,3.8518972396850586,2.93937116660782,7.767793152579648e-07,1.3684683065061036e-06,1.0442740375102942e-06
2007-08-09 22:30:00,4.974685321682305,2.898103713989258,2.1864401872234804,2.208284803830174e-06,1.286481049089154e-06,9.705704638009984e-07
2007-08-09 23:00:00,2.0561123231132536,4.4675726890563965,4.974685321682305,7.459228710583304e-07,1.620760018517323e-06,1.8047319283327919e-06
2007-08-09 23:30:00,1.1100887588386181,2.4529764652252197,2.0561123231132536,4.475681555065849e-07,9.889967295863053e-07,8.289881260782516e-07
2007-08-10 00:00:00,1.471376991487757,1.9891960620880127,1.1100887588386181,5.368550962389054e-07,7.257895491967107e-07,4.050333877094558e-07
2007-08-10 00:30:00,1.2586403917737776,1.816409707069397,1.471376991487757,5.069794149718351e-07,7.3164848089884e-07,5.926695593299829e-07
2007-08-10 01:00:00,1.2330281003358747,1.66077721118927,1.2586403917737776,3.279625114773394e-07,4.4173580880889637e-07,3.3477490401111543e-07
2007-08-10 01:30:00,1.4704141462024327,1.4960721731185913,1.2330281003358747,4.473311430860241e-07,4.551368585977933e-07,3.751132774429256e-07
2007-08-10 02:00:00,0.9116567904230624,1.4230870008468628,1.4704141462024327,4.471562312587647e-07,6.980063404746006e-07,7.212197121905197e-07
2007-08-10 02:30:00,2.0709191261369013,1.4158215522766113,0.9116567904230624,1.931481993114524e-06,1.3204928184650659e-06,8.502739930203931e-07
2007-08-10 03:00:00,2.6278912791818034,1.6408826112747192,2.0709191261369013,1.637080528532433e-06,1.0222100867740864e-06,1.2901071685962912e-06
2007-08-10 03:30:00,5.538219462776331,1.9110482931137085,2.6278912791818034,9.357845667595308e-06,3.229069398653725e-06,4.440308150857417e-06
2007-08-10 04:00:00,3.3214149974232674,2.4787437915802,5.538219462776331,5.196766277421257e-06,3.878302517585016e-06,8.665232186716232e-06
2007-08-10 04:30:00,3.5705354753156913,2.894029140472412,3.3214149974232674,3.8794787199691415e-06,3.144437170013172e-06,3.6088029069507172e-06
2007-08-10 05:00:00,3.483476198453833,3.448197841644287,3.5705354753156913,3.603097793968216e-06,3.5666079882816673e-06,3.6931466619767476e-06
2007-08-10 05:30:00,2.362845640932973,3.710705280303955,3.483476198453833,2.3651183805075623e-06,3.7142744794907692e-06,3.4868268338386482e-06
2007-08-10 06:00:00,3.9063105915501146,3.0147705078125,2.362845640932973,3.3257322055821594e-06,2.5666979456164125e-06,2.0116659084581124e-06
2007-08-10 06:30:00,3.526492394535851,4.566209316253662,3.9063105915501146,3.460182660488557e-06,4.480349461335442e-06,3.832859017733263e-06
2007-08-10 07:00:00,4.862952982945053,3.660818338394165,3.526492394535851,5.348720398264361e-06,4.026502783304899e-06,3.878758826402406e-06
2007-08-10 07:30:00,3.8824500626976035,4.2890095710754395,4.862952982945053,5.309135713893915e-06,5.865093825626116e-06,6.649944478307499e-06
2007-08-10 08:00:00,4.325842945826864,3.4128355979919434,3.8824500626976035,8.184296672777253e-06,6.456928598465849e-06,7.345417651145487e-06
2007-08-10 08:30:00,10.28563649039853,4.888790130615234,4.325842945826864,1.54248579550532e-05,7.331475636651064e-06,6.48725171626816e-06
2007-08-10 16:30:00,6.0392581709160575,3.65991473197937,10.28563649039853,1.736565685388864e-05,1.0523945417025453e-05,2.9575955980203284e-05
2007-08-10 17:00:00,1.96855390050082,4.578399181365967,6.0392581709160575,2.1345117627439416e-06,4.964378625688953e-06,6.548394535089042e-06
2007-08-10 17:30:00,1.151855897756591,2.829817771911621,1.96855390050082,8.85669247766811e-07,2.1758646912755954e-06,1.5136334810983577e-06
2007-08-10 18:00:00,0.4904858103498327,2.423825263977051,1.151855897756591,4.912317684569224e-07,2.4275115522807694e-06,1.1536077042859537e-06
2007-08-10 18:30:00,3.2657866561194906,2.158073902130127,0.4904858103498327,3.017850056068783e-06,1.994234202145533e-06,4.532484164241212e-07
2007-08-10 19:00:00,0.7082212990032449,2.551619529724121,3.2657866561194906,3.227976208717472e-07,1.1629934241232962e-06,1.4885010721277958e-06
2007-08-10 19:30:00,6.565143887167178,1.5251801013946533,0.7082212990032449,3.4307951167973798e-06,7.970244878150168e-07,3.7010036885583904e-07
2007-08-10 20:00:00,0.38583579952507235,2.308711290359497,6.565143887167178,1.521092751155174e-07,9.101705991508799e-07,2.588197567294886e-06
2007-08-12 18:30:00,10.40213990861274,1.5223615169525146,0.38583579952507235,9.61241557148848e-06,1.4067847269457416e-06,3.5654337280367645e-07
2007-08-12 19:00:00,1.5046418788470657,4.244632720947266,10.40213990861274,5.892256161239483e-07,1.6622203365338034e-06,4.073532302155758e-06
2007-08-12 19:30:00,0.9740737308241781,2.143381357192993,1.5046418788470657,5.301908502888158e-07,1.1666480147265888e-06,8.189804651143823e-07
2007-08-12 20:00:00,2.241546666196363,2.1536998748779297,0.9740737308241781,8.836920756249762e-07,8.490599555233196e-07,3.840121867569348e-07
2007-08-12 20:30:00,1.1347993297696266,2.472808837890625,2.241546666196363,5.886596584604598e-07,1.2827314642899983e-06,1.16276777781866e-06
2007-08-12 21:00:00,4.431623141257084,1.9633963108062744,1.1347993297696266,1.995229395429981e-06,8.839709310409079e-07,5.109155062378196e-07
2007-08-12 21:30:00,5.832249341169838,2.483020305633545,4.431623141257084,3.036163653794935e-06,1.2926155180613744e-06,2.3070229549037856e-06
2007-08-12 22:00:00,1.5626051330698878,3.746425151824951,5.832249341169838,5.844808764881787e-07,1.4013225798984177e-06,2.181509669130268e-06
2007-08-12 22:30:00,1.5971117255834153,2.0094964504241943,1.5626051330698878,7.311483813965034e-07,9.1993568991735e-07,7.153514657145036e-07
2007-08-12 23:00:00,1.0867187216731806,2.0209546089172363,1.5971117255834153,4.390334219466945e-07,8.164639109058381e-07,6.452317532861564e-07
2007-08-12 23:30:00,3.0110693399816335,1.9444024562835693,1.0867187216731806,1.318895113123292e-06,8.516784597039428e-07,4.759996697263343e-07
2007-08-13 00:00:00,1.8942826703517057,2.375005006790161,3.0110693399816335,7.334444483391072e-07,9.19574604293037e-07,1.1658513935323033e-06
2007-08-13 00:30:00,1.2652127176328791,2.5444729328155518,1.8942826703517057,5.572389025498846e-07,1.120664758494345e-06,8.343008109505413e-07
2007-08-13 01:00:00,1.5687182946988885,2.387714385986328,1.2652127176328791,4.6935218137079595e-07,7.143914617048724e-07,3.7854492481267895e-07
2007-08-13 01:30:00,3.5648736535731356,2.387714385986328,1.5687182946988885,1.0845101092971814e-06,7.263933147030283e-07,4.772373482395781e-07
2007-08-13 02:00:00,1.4915339702426735,2.767063856124878,3.5648736535731356,7.315787212187966e-07,1.3572101459179177e-06,1.748525853798216e-06
2007-08-13 02:30:00,0.716554703130595,2.0644571781158447,1.4915339702426735,6.734282366614865e-07,1.940206031790319e-06,1.4017647042338458e-06
2007-08-13 03:00:00,1.294221671241406,1.9429742097854614,0.716554703130595,1.0512513847295957e-06,1.5782105754508484e-06,5.82032537886654e-07
2007-08-13 03:30:00,3.0010341147033333,1.9349898099899292,1.294221671241406,5.666442874602578e-06,3.6535770011831158e-06,2.44370203298641e-06
2007-08-13 04:00:00,1.8859725277508614,2.4993996620178223,3.0010341147033333,3.062577387917625e-06,4.058704342524716e-06,4.873294326837586e-06
2007-08-13 04:30:00,0.9821955380573532,1.999742865562439,1.8859725277508614,1.214443520524404e-06,2.4725980435632943e-06,2.3319258003800074e-06
2007-08-13 05:00:00,2.1167210212923857,1.755462646484375,0.9821955380573532,2.507898587913229e-06,2.0798783816889474e-06,1.163708763776886e-06
2007-08-13 05:30:00,1.4921440027809576,2.049539566040039,2.1167210212923857,1.5513643574707156e-06,2.130881889452105e-06,2.200729648761703e-06
2007-08-13 06:00:00,1.7854201462425046,1.868403673171997,1.4921440027809576,1.5485044472792204e-06,1.6204765042606927e-06,1.2941444786259817e-06
2007-08-13 06:30:00,1.2631273614183853,1.9654409885406494,1.7854201462425046,1.3056687391227048e-06,2.0316358711811214e-06,1.845552034064896e-06
2007-08-13 07:00:00,0.860333978053165,1.7801438570022583,1.2631273614183853,1.2082873661434563e-06,2.5001050605963562e-06,1.7739864652162331e-06
2007-08-13 07:30:00,1.1050391888727906,1.4299236536026,0.860333978053165,1.6284476366068893e-06,2.107215579035451e-06,1.267836333191402e-06
2007-08-13 08:00:00,1.0868232744465465,1.4676741361618042,1.1050391888727906,2.3935602795496315e-06,3.232325437112261e-06,2.433678015571191e-06
2007-08-13 08:30:00,0.9619420255300837,1.406288981437683,1.0868232744465465,1.6244597596665852e-06,2.374841518696681e-06,1.835350393631673e-06
2007-08-13 16:30:00,1.494242340626768,1.2843354940414429,0.9619420255300837,5.007768003709217e-06,4.304291223866014e-06,3.223829472568817e-06
2007-08-13 17:00:00,0.8466001518762986,1.4152910709381104,1.494242340626768,1.1679029376867085e-06,1.952424170686783e-06,2.061339128473079e-06
2007-08-13 17:30:00,1.3248028570896335,1.2595516443252563,0.8466001518762986,1.0531520901697113e-06,1.001280635680341e-06,6.730048283902479e-07
2007-08-13 18:00:00,0.22893565102269237,1.4266448020935059,1.3248028570896335,1.8053533401839805e-07,1.125031399526467e-06,1.044720318765459e-06
2007-08-13 18:30:00,0.2922915242393422,1.7378029823303223,0.22893565102269237,2.998293720049019e-07,1.782618836506837e-06,2.3483962682222764e-07
2007-08-13 19:00:00,0.8877008285007578,1.3563882112503052,0.2922915242393422,4.04601945591318e-07,6.182232703059065e-07,1.3322249522603524e-07
2007-08-13 19:30:00,1.8324922906525631,1.100388765335083,0.8877008285007578,9.974302919623157e-07,5.989444501779458e-07,4.831778562251939e-07
2007-08-13 20:00:00,1.090206379218684,1.38411283493042,1.8324922906525631,4.4575015402831484e-07,5.659190049914804e-07,7.492468732383295e-07
2007-08-13 20:30:00,1.4340700969963969,1.281006932258606,1.090206379218684,7.990253160582605e-07,7.137426343834622e-07,6.074336941746646e-07
2007-08-13 21:00:00,1.2152259463023507,1.3426299095153809,1.4340700969963969,6.518362604198301e-07,7.201745996366138e-07,7.692222932289658e-07
2007-08-13 21:30:00,1.0616903378884774,1.3957455158233643,1.2152259463023507,5.929243056600535e-07,7.79484762471891e-07,6.786696409655841e-07
2007-08-13 22:00:00,0.9095017014849741,1.3295810222625732,1.0616903378884774,3.557362159726108e-07,5.200431411139009e-07,4.1526222844715506e-07
2007-08-13 22:30:00,1.0349516202269262,1.2246922254562378,0.9095017014849741,4.73794782062718e-07,5.606569183656291e-07,4.163645449883546e-07
2007-08-13 23:00:00,1.8248000714846477,1.2692097425460815,1.0349516202269262,7.692022772766295e-07,5.350060204205467e-07,4.362599254514478e-07
2007-08-13 23:30:00,1.0488676249016886,1.4700899124145508,1.8248000714846477,5.023759917062737e-07,7.041287767041842e-07,8.740242560768388e-07
2007-08-14 00:00:00,0.6620323345801253,1.2692097425460815,1.0488676249016886,2.956115247375113e-07,5.667291574870078e-07,4.6834171331169954e-07
2007-08-14 00:30:00,0.6163153756804214,1.0860573053359985,0.6620323345801253,2.959370770586131e-07,5.214937630015373e-07,3.1788905768841736e-07
2007-08-14 01:00:00,1.286713874643548,1.073399543762207,0.6163153756804214,3.84977956784739e-07,3.2115544202530806e-07,1.8439828678321866e-07
2007-08-14 01:30:00,1.3571603156076344,1.2493023872375488,1.286713874643548,4.445631011611724e-07,4.092322308361316e-07,4.2148705929596366e-07
2007-08-14 02:00:00,1.0405930206923704,1.2822277545928955,1.3571603156076344,5.326869411627334e-07,6.563814737231184e-07,6.947399826951205e-07
2007-08-14 02:30:00,1.0684160032341992,1.193651795387268,1.0405930206923704,1.0041124591541306e-06,1.1218108265056807e-06,9.779640269549601e-07
2007-08-14 03:00:00,1.22253073231577,1.186062216758728,1.0684160032341992,1.208292458348618e-06,1.1722486754399676e-06,1.0559726352575741e-06
2007-08-14 03:30:00,1.667783905187041,1.3054405450820923,1.22253073231577,3.5412622477908165e-06,2.7718862765474538e-06,2.59584105329783e-06
2007-08-14 04:00:00,1.132599713740369,1.4705060720443726,1.667783905187041,1.881798768640894e-06,2.44322551213923e-06,2.770999904966878e-06
2007-08-14 04:30:00,0.8483508160928311,1.3384290933609009,1.132599713740369,1.0589978893423646e-06,1.6707635072853042e-06,1.41382631285118e-06
2007-08-14 05:00:00,0.9956940321174996,1.164254069328308,0.8483508160928311,1.26707439058021e-06,1.4815761346258735e-06,1.0795721965040345e-06
2007-08-14 05:30:00,0.7745088309951987,1.2381196022033691,0.9956940321174996,8.821569244746224e-07,1.410204424664898e-06,1.1340844028361433e-06
2007-08-14 06:00:00,1.4321100215430307,1.1238353252410889,0.7745088309951987,1.2623432678702782e-06,9.906124080357651e-07,6.826961574219326e-07
2007-08-14 06:30:00,3.6544824920929586,1.265430212020874,1.4321100215430307,4.161263684301796e-06,1.4409123036419352e-06,1.6307062456765735e-06
2007-08-14 07:00:00,2.556163753408146,1.75245201587677,3.6544824920929586,3.723955515403009e-06,2.553065444771369e-06,5.324044758176461e-06
2007-08-14 07:30:00,1.1688664317779556,1.8358263969421387,2.556163753408146,1.818142755253355e-06,2.8555824453150907e-06,3.976049344176139e-06
2007-08-14 08:00:00,0.4495581901887776,1.4914265871047974,1.1688664317779556,1.066081933621529e-06,3.5367678190171054e-06,2.77184892396661e-06
2007-08-14 08:30:00,1.2019615195723032,1.382670283317566,0.4495581901887776,2.0297877308530623e-06,2.334955929281144e-06,7.591821234629774e-07
2007-08-14 16:30:00,0.7204471932657839,1.4710325002670288,1.2019615195723032,2.805091881708405e-06,5.727527794956618e-06,4.6798884528853e-06
2007-08-14 17:00:00,1.0580115343556726,1.1681572198867798,0.7204471932657839,1.459549441778225e-06,1.611497760497748e-06,9.93872244882607e-07
2007-08-14 17:30:00,2.8750848291723563,1.188538908958435,1.0580115343556726,2.424751441314912e-06,1.0023744006834842e-06,8.922919305985203e-07
2007-08-14 18:00:00,1.1219861338056043,1.7937813997268677,2.8750848291723563,8.847819923447748e-07,1.4145499956386442e-06,2.2672501973683907e-06
2007-08-14 18:30:00,0.44011748855458505,1.3673350811004639,1.1219861338056043,4.514675906019108e-07,1.402597012532334e-06,1.150920810217125e-06
2007-08-14 19:00:00,2.097906577329818,1.2357126474380493,0.44011748855458505,9.58772303029406e-07,5.647377598552057e-07,2.011397755576312e-07
2007-08-14 19:30:00,0.9507637494928505,1.5699068307876587,2.097906577329818,5.330103555665018e-07,8.801099100914998e-07,1.1761133418520998e-06
2007-08-14 20:00:00,1.0851808300633636,1.3128396272659302,0.9507637494928505,4.694763467051552e-07,5.67967231767795e-07,4.113241584497358e-07
2007-08-14 20:30:00,2.3549089869347126,1.286646842956543,1.0851808300633636,1.3421528432019002e-06,7.333093245011888e-07,6.184861260194941e-07
2007-08-14 21:00:00,2.09240425615712,1.587275505065918,2.3549089869347126,1.285147345533502e-06,9.748990406434332e-07,1.446376829251144e-06
2007-08-14 21:30:00,1.5302433251310292,1.6276729106903076,2.09240425615712,8.872552314993577e-07,9.437461882449994e-07,1.2132035423372697e-06
2007-08-14 22:00:00,1.7988608484799384,1.446373701095581,1.5302433251310292,7.035940122538687e-07,5.657246231314968e-07,5.985288088088874e-07
2007-08-14 22:30:00,1.68599432945801,1.6288602352142334,1.7988608484799384,7.958904597841816e-07,7.689197400477456e-07,8.491702271885475e-07
2007-08-14 23:00:00,1.3249444489669362,1.6358309984207153,1.68599432945801,6.118652234186147e-07,7.554340109158524e-07,7.785996596919108e-07
2007-08-14 23:30:00,3.203840901562068,1.527126431465149,1.3249444489669362,1.6223410591689552e-06,7.732967985707825e-07,6.709171418683833e-07
2007-08-15 00:00:00,2.336790762215016,1.9702646732330322,3.203840901562068,1.04342679976352e-06,8.797651017457662e-07,1.4305831368913897e-06
2007-08-15 00:30:00,2.175807806407316,1.8166006803512573,2.336790762215016,1.0447608933309771e-06,8.722798695916375e-07,1.1220603203416866e-06
2007-08-15 01:00:00,3.6798624510817426,1.7612289190292358,2.175807806407316,1.227398911555099e-06,5.874487122692261e-07,7.257293360387356e-07
2007-08-15 01:30:00,1.1469725426952289,2.2786576747894287,3.6798624510817426,4.2980239006607337e-07,8.538761638229858e-07,1.378946415641961e-06
2007-08-15 02:00:00,2.7569874201191102,1.738046646118164,1.1469725426952289,1.4423598095286476e-06,9.092854799238055e-07,6.000560924376674e-07
2007-08-15 02:30:00,1.4244972266214122,2.302284002304077,2.7569874201191102,1.385285145799429e-06,2.2389091183896844e-06,2.681095932566476e-06
2007-08-15 03:00:00,2.471018697266395,1.7678439617156982,1.4244972266214122,2.5207582821892023e-06,1.8034292144542981e-06,1.4531711904624074e-06
2007-08-15 03:30:00,1.0344435702280164,2.1899828910827637,2.471018697266395,2.2963506207335904e-06,4.861520450289368e-06,5.48538894012482e-06
2007-08-15 04:00:00,0.8629360235446965,1.6074217557907104,1.0344435702280164,1.49833931609306e-06,2.7910101659115756e-06,1.7961325396818696e-06
2007-08-15 04:30:00,3.4814827991853363,1.5647246837615967,0.8629360235446965,4.345941403226728e-06,1.953248710406271e-06,1.0772046307212232e-06
2007-08-15 05:00:00,1.877765317945166,2.125453233718872,3.4814827991853363,2.416613979162457e-06,2.73537909533968e-06,4.4805386063534755e-06
2007-08-15 05:30:00,1.4757169560866188,1.8902314901351929,1.877765317945166,1.6808251620626043e-06,2.1529525954405563e-06,2.138753764285856e-06
2007-08-15 06:00:00,3.238616837987893,1.6943072080612183,1.4757169560866188,3.2348265819734303e-06,1.6923243065921791e-06,1.473989877723151e-06
2007-08-15 06:30:00,0.7486091589349932,2.286402702331543,3.238616837987893,9.489722141224515e-07,2.8983517085122023e-06,4.105423176777488e-06
2007-08-15 07:00:00,1.5155901091539181,1.648547649383545,0.7486091589349932,2.658152494250661e-06,2.891343127427934e-06,1.3129653532463457e-06
2007-08-15 07:30:00,1.7492613635023664,1.7246837615966797,1.5155901091539181,3.014493704149803e-06,2.97213924085825e-06,2.6118091541041563e-06
2007-08-15 08:00:00,1.1667890585805774,1.8364462852478027,1.7492613635023664,2.5955298617797105e-06,4.085186724936981e-06,3.891243298554071e-06
2007-08-15 08:30:00,1.2057575149542765,1.6963069438934326,1.1667890585805774,2.258540863394016e-06,3.1774038329652213e-06,2.185547869353482e-06
2007-08-15 16:30:00,0.6811944715203484,1.459101676940918,1.2057575149542765,2.6522597350468805e-06,5.681074625360017e-06,4.694668322844551e-06
2007-08-15 17:00:00,1.0192256694202624,1.3293042182922363,0.6811944715203484,1.4659599214556891e-06,1.911948222955208e-06,9.797671152984476e-07
2007-08-15 17:30:00,2.0003186387111143,1.3291031122207642,1.0192256694202624,1.6870025722684829e-06,1.1209216000562865e-06,8.595812150917871e-07
2007-08-15 18:00:00,8.307779411212913,1.6319653987884521,2.0003186387111143,6.531257752157184e-06,1.2829886464851639e-06,1.5725738454530143e-06
2007-08-15 18:30:00,2.6303339997204933,2.2931911945343018,8.307779411212913,2.430640591191661e-06,2.1190934692668947e-06,7.677057689900315e-06
2007-08-15 19:00:00,1.862604635721542,2.6117019653320312,2.6303339997204933,9.83490770748552e-07,1.3790284473628406e-06,1.3888665168650265e-06
2007-08-15 19:30:00,2.7128400090239526,2.3906350135803223,1.862604635721542,1.5208529128042468e-06,1.3402206587050343e-06,1.0442000546353593e-06
2007-08-15 20:00:00,2.0636007300206005,3.4069278240203857,2.7128400090239526,9.443310375238943e-07,1.5590553153148367e-06,1.2414315342543739e-06
2007-08-15 20:30:00,1.9616860599205845,2.640944004058838,2.0636007300206005,1.1331513465007264e-06,1.5255189478959962e-06,1.1920214929586594e-06
2007-08-15 21:00:00,2.360430308980516,2.0762887001037598,1.9616860599205845,1.4497680058605969e-06,1.2752492276039343e-06,1.2048606884919781e-06
2007-08-15 21:30:00,2.8228291378701167,2.088870048522949,2.360430308980516,1.6367135076309679e-06,1.2111543622094266e-06,1.3686085773667924e-06
2007-08-15 22:00:00,6.043169962102553,2.2851927280426025,2.8228291378701167,2.363683774629227e-06,8.938145058054444e-07,1.1041018990987922e-06
2007-08-15 22:30:00,2.325725953226889,3.631667375564575,6.043169962102553,1.2946075926380592e-06,2.0215555284226405e-06,3.3639103978201956e-06
2007-08-15 23:00:00,2.1279887484082898,2.3850958347320557,2.325725953226889,1.1666067073106375e-06,1.3075580406420538e-06,1.2750102642367642e-06
2007-08-15 23:30:00,2.1636337512078176,2.358637809753418,2.1279887484082898,1.137722100531804e-06,1.2402627578759025e-06,1.1189785828565496e-06
2007-08-16 00:00:00,7.0606275729844095,2.42053484916687,2.1636337512078176,3.622068171329903e-06,1.241722799303e-06,1.109933764903629e-06
2007-08-16 00:30:00,2.187203489340033,3.550787925720215,7.0606275729844095,1.0502327754732518e-06,1.7049871566688509e-06,3.390312117139078e-06
2007-08-16 01:00:00,5.234922832156992,2.42053484916687,2.187203489340033,1.7478576258728039e-06,8.081781585811757e-07,7.302725218211843e-07
2007-08-16 01:30:00,6.004687488834377,4.072803497314453,5.234922832156992,2.5130169074017684e-06,1.7045056996401796e-06,2.190863323131541e-06
2007-08-16 02:00:00,1.3175097012682868,3.85998272895813,6.004687488834377,7.91186842934811e-07,2.317984866576246e-06,3.605916322686424e-06
2007-08-16 02:30:00,1.5911330487850708,1.7480628490447998,1.3175097012682868,1.547333990042452e-06,1.6999439896762739e-06,1.2812426619758268e-06
2007-08-16 03:00:00,1.8308371140925719,1.8398747444152832,1.5911330487850708,1.8676903674560438e-06,1.8769099178837851e-06,1.6231612554073368e-06
2007-08-16 03:30:00,1.6512306448733745,2.2638204097747803,1.8308371140925719,3.760919700190985e-06,5.156182634600574e-06,4.169999746316234e-06
2007-08-16 04:00:00,1.4364772925066458,1.9621529579162598,1.6512306448733745,2.4941946393620874e-06,3.406939611765953e-06,2.8670767329755888e-06
2007-08-16 04:30:00,4.4600306777229415,1.6569379568099976,1.4364772925066458,5.915542244390889e-06,2.1976724350354684e-06,1.9052653941092872e-06
2007-08-16 05:00:00,1.7514068018065982,2.8344764709472656,4.4600306777229415,2.313045008769834e-06,3.7434316498241465e-06,5.890265863662312e-06
2007-08-16 05:30:00,5.964509508741624,2.308675527572632,1.7514068018065982,7.318051384535837e-06,2.832589354788599e-06,2.148858167140441e-06
2007-08-16 06:00:00,5.317429156102696,3.4655020236968994,5.964509508741624,6.298592953198083e-06,4.104951092897913e-06,7.06507157089756e-06
2007-08-16 06:30:00,3.5117341248981404,4.368598461151123,5.317429156102696,4.451639507930926e-06,5.537841081437413e-06,6.740623540974122e-06
2007-08-16 07:00:00,4.46327148517145,3.593350887298584,3.5117341248981404,9.333436143618598e-06,7.5142888259525705e-06,7.343614726775704e-06
2007-08-16 07:30:00,3.7038827551459974,5.240450859069824,4.46327148517145,6.887890358969816e-06,9.745354627840896e-06,8.30008039251921e-06
2007-08-16 08:00:00,4.2939805959387165,3.828739881515503,3.7038827551459974,1.071152812912867e-05,9.550964198291733e-06,9.239502469169328e-06
2007-08-16 08:30:00,3.1802865011003023,5.1999030113220215,4.2939805959387165,6.557690831561681e-06,1.072210201519858e-05,8.854107067130239e-06
2007-08-16 16:30:00,2.665413073638415,3.8753814697265625,3.1802865011003023,1.037789951040074e-05,1.5088963078578841e-05,1.2382581165046188e-05
2007-08-16 17:00:00,3.3235380284249723,3.4659767150878906,2.665413073638415,4.86152081061062e-06,5.069873666370175e-06,3.898845451907635e-06
2007-08-16 17:30:00,1.1264841528520124,3.6201748847961426,3.3235380284249723,1.0103222125092203e-06,3.2468660034119865e-06,2.9808180485588903e-06
2007-08-16 18:00:00,1.7735265371989921,2.1767685413360596,1.1264841528520124,1.3942785877419277e-06,1.7112919959170384e-06,8.855986650375892e-07
2007-08-16 18:30:00,2.3125583676414583,2.34930682182312,1.7735265371989921,2.3721964737056582e-06,2.4098926264357533e-06,1.8192636590001684e-06
2007-08-16 19:00:00,2.9667458969106364,2.4004950523376465,2.3125583676414583,1.6848714538712605e-06,1.3632868231332473e-06,1.3133459064045949e-06
2007-08-16 19:30:00,1.4204257913001577,2.66766357421875,2.9667458969106364,9.51752229794763e-07,1.787460331018759e-06,1.9878595840157417e-06
2007-08-16 20:00:00,1.967327827334394,2.039512872695923,1.4204257913001577,1.0392268959975558e-06,1.0773581314664036e-06,7.503297953589253e-07
2007-08-16 20:30:00,0.9418908475757856,2.250905990600586,1.967327827334394,6.13409283856426e-07,1.4659093835300803e-06,1.2812282408115347e-06
2007-08-16 21:00:00,2.149568160247678,2.0137369632720947,0.9418908475757856,1.413975544240444e-06,1.324626439513171e-06,6.195712461904954e-07
2007-08-16 21:30:00,2.4616300470851065,2.1851699352264404,2.149568160247678,1.5686514561101962e-06,1.3924797533244726e-06,1.3697928446126323e-06
2007-08-16 22:00:00,1.9263779233669378,2.186405897140503,2.4616300470851065,8.000735077705506e-07,9.080697065288237e-07,1.0223772618627638e-06
2007-08-16 22:30:00,1.0729787201054775,2.0721921920776367,1.9263779233669378,7.087697257900514e-07,1.3688128797361175e-06,1.2724934119649397e-06
2007-08-16 23:00:00,2.204726006109762,1.8182110786437988,1.0729787201054775,1.3561550763717449e-06,1.1184048164646974e-06,6.600028910973248e-07
2007-08-16 23:30:00,1.6872688129841447,2.0721921920776367,2.204726006109762,9.257208852705073e-07,1.1369092913582877e-06,1.2096240352745842e-06
2007-08-17 00:00:00,2.0513908573199204,2.0200753211975098,1.6872688129841447,1.1753465596563961e-06,1.1574042901401139e-06,9.667224495420335e-07
2007-08-17 00:30:00,3.0813479423364236,2.0515081882476807,2.0513908573199204,1.6396134614461409e-06,1.0916262962394892e-06,1.091563863378222e-06
2007-08-17 01:00:00,4.277288567951768,2.3763768672943115,3.0813479423364236,1.5500545043227582e-06,8.611796021239335e-07,1.1166553720950853e-06
2007-08-17 01:30:00,4.814679026502244,2.5682852268218994,4.277288567951768,2.104894596054576e-06,1.122809986980904e-06,1.869956759918915e-06
2007-08-17 02:00:00,7.90197833859035,4.443618297576904,4.814679026502244,5.531090813072997e-06,3.110367466144588e-06,3.370096169629903e-06
2007-08-17 02:30:00,7.478047352904522,3.7980856895446777,7.90197833859035,7.65326699557481e-06,3.8870794048752805e-06,8.087131194079876e-06
2007-08-17 03:00:00,4.121536252829535,3.0390067100524902,7.478047352904522,4.656395932052313e-06,3.433384450386241e-06,8.448487927251372e-06
2007-08-17 03:30:00,6.940068105538984,4.45999813079834,4.121536252829535,1.764448587165132e-05,1.1339135698633175e-05,1.0478627453887449e-05
2007-08-17 04:00:00,6.706291909721509,3.695497751235962,6.940068105538984,1.2259666685796982e-05,6.755681273371022e-06,1.2687029269826652e-05
2007-08-17 04:30:00,5.4956592759070455,3.695497751235962,6.706291909721509,7.5696856940499696e-06,5.090154803184681e-06,9.23720328727319e-06
2007-08-17 05:00:00,2.127199325351511,3.687652349472046,5.4956592759070455,3.4255440625964688e-06,5.938425919990579e-06,8.849957208182986e-06
2007-08-17 05:30:00,4.150055983559288,2.4705252647399902,2.127199325351511,5.272355060946652e-06,3.1386290773786553e-06,2.7024575507148987e-06
2007-08-17 06:00:00,4.212259479848783,5.029586315155029,4.150055983559288,5.544390136583088e-06,6.620197281350746e-06,5.462514731485575e-06
2007-08-17 06:30:00,3.049644899734692,5.029586315155029,4.212259479848783,4.435421230719109e-06,7.315059509359156e-06,6.126334619432082e-06
2007-08-17 07:00:00,3.318892304340078,3.738598108291626,3.049644899734692,8.360547474514707e-06,9.417818990881067e-06,7.682292351367289e-06
2007-08-17 07:30:00,2.0150149076533017,3.5254440307617188,3.318892304340078,4.310987264872883e-06,7.542447582849769e-06,7.100544220865109e-06
2007-08-17 08:00:00,2.2196137658640387,2.5601327419281006,2.0150149076533017,5.830492064565306e-06,6.724968940817041e-06,5.293050804485332e-06
2007-08-17 08:30:00,33.92680624368127,2.272860050201416,2.2196137658640387,7.383686671359609e-05,4.946556518759712e-06,4.830673556733323e-06
2007-08-17 16:30:00,0.9037421270883591,6.568179607391357,33.92680624368127,4.0109218087948205e-06,2.9150411430130993e-05,0.00015057145504984647
2007-08-17 17:00:00,1.8276338319259495,2.309067726135254,0.9037421270883591,2.719292254590698e-06,3.435606122692611e-06,1.344656092160954e-06
2007-08-17 17:30:00,1.2578380271133647,2.832118034362793,1.8276338319259495,1.19715567431319e-06,2.695487099354934e-06,1.7394626059112745e-06
2007-08-17 18:00:00,0.9888558155754633,2.4796199798583984,1.2578380271133647,7.774005412957925e-07,1.949382189179909e-06,9.888640464447353e-07
2007-08-17 18:30:00,0.9445570137749136,0.8251998424530029,0.9888558155754633,1.1589492269686636e-06,1.0125007866740279e-06,1.2133028142626746e-06
2007-08-17 19:00:00,0.49344364029323895,12.026896476745605,0.9445570137749136,2.95738490142741e-07,7.208150870121835e-06,5.66106931566743e-07
2007-08-17 19:30:00,0.7121149775591177,11.891600608825684,0.49344364029323895,5.58273398360119e-07,9.322601676748532e-06,3.8684266817408065e-07
2007-08-17 20:00:00,1.655576558511284,11.94948673248291,0.7121149775591177,1.1357615181597118e-06,8.197607729308534e-06,4.885263589042899e-07
2007-08-19 18:30:00,3.280806769336972,12.223883628845215,1.655576558511284,4.089292251565324e-06,1.5236201374204973e-05,2.063558407605205e-06
2007-08-19 19:00:00,1.1448007346851758,2.3227438926696777,3.280806769336972,6.86120183024139e-07,1.3921038102713902e-06,1.9663052903816994e-06
2007-08-19 19:30:00,1.3740151450869216,1.9136496782302856,1.1448007346851758,1.0771801304828858e-06,1.5002348536443743e-06,8.9748399730126e-07
2007-08-19 20:00:00,2.3800520009176602,2.0015196800231934,1.3740151450869216,1.9115915409032025e-06,1.6075649136272747e-06,1.1035707318194488e-06
2007-08-19 20:30:00,2.024522736258189,2.557016134262085,2.3800520009176602,1.3435296891505124e-06,1.696907142849623e-06,1.5794688139018056e-06
2007-08-19 21:00:00,1.6042064635727458,2.323512315750122,2.024522736258189,1.104513746185458e-06,1.5997637152400365e-06,1.393906110241006e-06
2007-08-19 21:30:00,2.6392265621506517,2.229942560195923,1.6042064635727458,1.8541864891205931e-06,1.5666443441903521e-06,1.1270339550131894e-06
2007-08-19 22:00:00,1.1480117091047062,2.2684266567230225,2.6392265621506517,5.385692427806482e-07,1.064191956515426e-06,1.23814612676081e-06
2007-08-19 22:30:00,0.6883185211609136,2.2101104259490967,1.1480117091047062,4.785178624751276e-07,1.536465000353982e-06,7.980957830550335e-07
2007-08-19 23:00:00,1.299514885490981,2.0763661861419678,0.6883185211609136,8.066648693246462e-07,1.288889936479261e-06,4.2726895715105347e-07
2007-08-19 23:30:00,1.2129531679630572,2.1397199630737305,1.299514885490981,6.864292833032525e-07,1.2109011951293215e-06,7.354159212820084e-07
2007-08-20 00:00:00,2.066069462981603,1.5270472764968872,1.2129531679630572,1.2811725834565652e-06,9.469241665604392e-07,7.521539675478435e-07
2007-08-20 00:30:00,4.494032845172876,1.6756823062896729,2.066069462981603,2.8051002589199e-06,1.0459329144177272e-06,1.2896060587944481e-06
2007-08-20 01:00:00,5.72979852626222,1.958793044090271,4.494032845172876,2.3266435257875337e-06,7.95388028654346e-07,1.824848182003859e-06
2007-08-20 01:30:00,1.0707906169618637,4.810913562774658,5.72979852626222,4.775159940310954e-07,2.1454130581047458e-06,2.5551871631346717e-06
2007-08-20 02:00:00,2.1523388026093238,2.5964584350585938,1.0707906169618637,1.6387537055025436e-06,1.976898746831696e-06,8.15281538964161e-07
2007-08-20 02:30:00,2.4338319248638753,3.8758974075317383,2.1523388026093238,2.9547146606413785e-06,4.705407458987317e-06,2.612977071164341e-06
2007-08-20 03:00:00,1.5407971898330193,3.552260398864746,2.4338319248638753,1.9635840117706846e-06,4.526982376968697e-06,3.1016628836905483e-06
2007-08-20 03:30:00,0.7939625734041057,1.6828219890594482,1.5407971898330193,2.4324432770261902e-06,5.155619636035514e-06,4.720501811062815e-06
2007-08-20 04:00:00,0.952831934200686,1.364225149154663,0.7939625734041057,1.9175431806075545e-06,2.7454586036406636e-06,1.5978237752556338e-06
2007-08-20 04:30:00,1.3234582205484795,1.4250876903533936,0.952831934200686,2.095306715783245e-06,2.2562070806738545e-06,1.508529033818717e-06
2007-08-20 05:00:00,0.915101676739765,1.571825385093689,1.3234582205484795,1.9213692288084808e-06,3.3002419345778264e-06,2.778764333199455e-06
2007-08-20 05:30:00,2.7435399438205605,1.1113861799240112,0.915101676739765,3.7226909715299215e-06,1.508032462660163e-06,1.2416953351468408e-06
2007-08-20 06:00:00,2.0692179004736824,1.8195496797561646,2.7435399438205605,3.0196747455277505e-06,2.655326060602421e-06,4.003734106400815e-06
2007-08-20 06:30:00,1.6638759627909676,1.9178330898284912,2.0692179004736824,2.7615002305756223e-06,3.182987577321161e-06,3.4342377899879223e-06
2007-08-20 07:00:00,0.8362082300054411,1.9214506149291992,1.6638759627909676,2.371851937200623e-06,5.450073557904943e-06,4.719479292354763e-06
2007-08-20 07:30:00,1.8857822854208341,1.3345692157745361,0.8362082300054411,4.545065453908344e-06,3.2165454545633103e-06,2.015408230236621e-06
2007-08-20 08:00:00,0.6898531596963111,1.764648675918579,1.8857822854208341,2.005714401774289e-06,5.130629922634462e-06,5.482819981783473e-06
2007-08-20 08:30:00,1.3044967101410843,1.198129415512085,0.6898531596963111,3.067079994373466e-06,2.8169935059399698e-06,1.6219548954868943e-06
2007-08-20 16:30:00,0.26505427903082157,1.3104805946350098,1.3044967101410843,1.1763443978252982e-06,5.816078546607424e-06,5.789521310755954e-06
2007-08-20 17:00:00,0.8495900236257997,2.208343744277954,0.26505427903082157,1.4185087354592116e-06,3.687137095591307e-06,4.42544991961516e-07
2007-08-20 17:30:00,0.4910560257762533,1.637198805809021,0.8495900236257997,4.924660307102869e-07,1.6418998139893715e-06,8.520295133425269e-07
2007-08-20 18:00:00,0.35584357813579565,1.50881826877594,0.4910560257762533,2.95738490142741e-07,1.2539656863985832e-06,4.0811237454212025e-07
2007-08-20 18:30:00,0.315423141608943,1.5010625123977661,0.35584357813579565,5.480227332982674e-07,2.6079772609571425e-06,6.182500412680097e-07
2007-08-20 19:00:00,1.8294809756292514,1.4896827936172485,0.315423141608943,1.0964736340627163e-06,8.928203835278448e-07,1.8904441366408857e-07
2007-08-20 19:30:00,0.9174019873376665,1.6998636722564697,1.8294809756292514,7.440215789388194e-07,1.3786053124686434e-06,1.4837261559421526e-06
2007-08-20 20:00:00,1.4218485002270544,1.0825695991516113,0.9174019873376665,1.1419891516790324e-06,8.69489778954113e-07,7.368317490232604e-07
2007-08-20 20:30:00,0.3691647401852822,1.3083289861679077,1.4218485002270544,2.7924945333322455e-07,9.896669816950352e-07,1.075537214664088e-06
2007-08-20 21:00:00,0.3288301784630063,0.9740726947784424,0.3691647401852822,2.988707260176128e-07,8.853257168885949e-07,3.355304383405041e-07
2007-08-20 21:30:00,1.0791358999530785,0.9324933290481567,0.3288301784630063,8.058708001495392e-07,6.963619181298852e-07,2.4556187876135045e-07
2007-08-20 22:00:00,1.4753724574824023,1.099108099937439,1.0791358999530785,7.749231560144784e-07,5.772944406580505e-07,5.668042622858427e-07
2007-08-20 22:30:00,1.370719274538591,1.2257901430130005,1.4753724574824023,9.529217028758784e-07,8.521672177124762e-07,1.0256764172471103e-06
2007-08-20 23:00:00,1.1985481330168137,1.2257901430130005,1.370719274538591,8.040377997146995e-07,8.223129153932056e-07,9.1953762987596e-07
2007-08-20 23:30:00,1.563707216313244,1.2344403266906738,1.1985481330168137,9.516177211009792e-07,7.512373660909209e-07,7.293946277618348e-07
2007-08-21 00:00:00,1.3068926989320993,1.3585467338562012,1.563707216313244,8.916930501152358e-07,9.269366045324179e-07,1.0669176270866947e-06
2007-08-21 00:30:00,0.8203783565593986,1.3585467338562012,1.3068926989320993,5.952795057193518e-07,9.857829887397876e-07,9.483020043474316e-07
2007-08-21 01:00:00,2.19230504683525,8.385502815246582,0.8203783565593986,9.826949942871736e-07,3.7587796702924234e-06,3.6773244926669316e-07
2007-08-21 01:30:00,1.6249635729889667,8.905611038208008,2.19230504683525,7.430554844795819e-07,4.072314748822554e-06,1.0024866500279758e-06
2007-08-21 02:00:00,2.5840317610280708,8.68826961517334,1.6249635729889667,2.053424934812088e-06,6.904214467189497e-06,1.2912924559446383e-06
2007-08-21 02:30:00,0.7330535712450454,9.092047691345215,2.5840317610280708,1.0406487265952776e-06,1.2907143793150001e-05,3.668312204015866e-06
2007-08-21 03:00:00,0.9613323727966729,8.457792282104492,0.7330535712450454,1.4312209565855346e-06,1.2591867186767057e-05,1.09136201292545e-06
2007-08-21 03:30:00,0.9966391974729584,1.2839102745056152,0.9613323727966729,3.05337858070545e-06,3.933483793998046e-06,2.945209945062141e-06
2007-08-21 04:00:00,2.5156778345716075,1.2614326477050781,0.9966391974729584,5.107680278343185e-06,2.5611366322821008e-06,2.0235160097212e-06
2007-08-21 04:30:00,3.0832199125666966,1.6527889966964722,2.5156778345716075,5.650154750973642e-06,3.028818529609026e-06,4.610105497499564e-06
2007-08-21 05:00:00,0.7655035580927106,1.876855492591858,3.0832199125666966,1.6207295826523163e-06,3.9736918098540125e-06,6.527815147678693e-06
2007-08-21 05:30:00,2.4845317373816256,1.320082187652588,0.7655035580927106,3.626239670804456e-06,1.92669480754267e-06,1.1172726549362532e-06
2007-08-21 06:00:00,2.9925927745777123,4.2523393630981445,2.4845317373816256,5.094902996175753e-06,7.239627371238987e-06,4.229926737915632e-06
2007-08-21 06:30:00,2.2475202204674347,4.619085788726807,2.9925927745777123,3.977036027019131e-06,8.173573001197727e-06,5.295458154417592e-06
2007-08-21 07:00:00,1.9824757338517471,4.544179916381836,2.2475202204674347,5.623167461242156e-06,1.2889279907695109e-05,6.374949441454994e-06
2007-08-21 07:30:00,2.493346312519978,4.273497581481934,1.9824757338517471,6.12882429138864e-06,1.0504563948882738e-05,4.873067721763482e-06
2007-08-21 08:00:00,2.5426299353346553,4.544179916381836,2.493346312519978,7.392572474304806e-06,1.3211981382462413e-05,7.24928274566962e-06
2007-08-21 08:30:00,4.917491821784408,2.270077705383301,2.5426299353346553,1.3549800504252232e-05,6.25503837156009e-06,7.006036741597002e-06
2007-08-21 16:30:00,0.5417251150660993,2.8482491970062256,4.917491821784408,2.404244544171907e-06,1.2640890004718867e-05,2.1824450361863972e-05
2007-08-21 17:00:00,0.38136778676699573,1.8351942300796509,0.5417251150660993,6.36746574121732e-07,3.064112070810896e-06,9.044854418833985e-07
2007-08-21 17:30:00,0.6475630245114655,1.6886357069015503,0.38136778676699573,6.494224193905234e-07,1.6934844096025357e-06,3.824628358709608e-07
2007-08-21 18:00:00,1.1478702438269432,1.6673216819763184,0.6475630245114655,9.539849350874422e-07,1.3856964888706246e-06,5.381839743872083e-07
2007-08-21 18:30:00,0.6357640267441139,1.6731805801391602,1.1478702438269432,7.924346330564542e-07,2.0855005682688793e-06,1.4307386030029857e-06
2007-08-21 19:00:00,0.9530822472689023,1.2857286930084229,0.6357640267441139,6.173906558728876e-07,8.328734307303692e-07,4.118372476003034e-07
2007-08-21 19:30:00,0.4731303049403886,1.4152405261993408,0.9530822472689023,3.6561038479166e-07,1.0936239508515204e-06,7.364921746155888e-07
2007-08-21 20:00:00,0.7597148311487741,1.2188518047332764,0.4731303049403886,6.101818129027273e-07,9.78947854351246e-07,3.800050958215551e-07
2007-08-21 20:30:00,1.1384746058419641,1.281296730041504,0.7597148311487741,8.611830348574592e-07,9.69218813373561e-07,5.746755531987183e-07
2007-08-21 21:00:00,1.0122022237288,1.3881169557571411,1.1384746058419641,9.199812951976429e-07,1.2616467390664639e-06,1.0347491023816799e-06
2007-08-21 21:30:00,0.27080374384192535,1.3442866802215576,1.0122022237288,2.1337687305772745e-07,1.0592161107132417e-06,7.975537647197472e-07
2007-08-21 22:00:00,1.108719994520328,1.018035888671875,0.27080374384192535,6.225740610408938e-07,5.716526630964477e-07,1.5206308841005956e-07
2007-08-21 22:30:00,0.4143527586590548,1.402990698814392,1.108719994520328,2.963855814790075e-07,1.0035560410493135e-06,7.930648786718978e-07
2007-08-21 23:00:00,0.28344264572139777,1.018035888671875,0.4143527586590548,2.075485082535161e-07,7.454482705121015e-07,3.034063442765973e-07
2007-08-21 23:30:00,1.3185913376999905,1.0572386980056763,0.28344264572139777,8.884432098679328e-07,7.123484855369712e-07,1.9097857446677185e-07
2007-08-22 00:00:00,1.8253613312628207,1.3163998126983643,1.3185913376999905,1.3616367938232603e-06,9.819745765689488e-07,9.836093548595206e-07
2007-08-22 00:30:00,0.5302305252148611,1.4467554092407227,1.8253613312628207,3.8474365205216326e-07,1.0497885981798933e-06,1.324511040967078e-06
2007-08-22 01:00:00,0.4912044985270793,1.130030632019043,0.5302305252148611,2.367496539403543e-07,5.446496558454453e-07,2.55559331662575e-07
2007-08-22 01:30:00,0.8770532724285962,1.0612115859985352,0.4912044985270793,4.142915402154506e-07,5.012819588944727e-07,2.3202908495174618e-07
2007-08-22 02:00:00,0.5226224212115695,1.170428991317749,0.8770532724285962,5.32534070693808e-07,1.192626435275277e-06,8.93686781173609e-07
2007-08-22 02:30:00,0.8531300368694313,1.031216025352478,0.5226224212115695,1.2111102398430016e-06,1.4639225368004818e-06,7.419189789911776e-07
2007-08-22 03:00:00,0.5961981527329714,1.0974537134170532,0.8531300368694313,9.146578387275824e-07,1.6836594293628862e-06,1.3088300795626112e-06
2007-08-22 03:30:00,0.8459041517722645,1.0585196018218994,0.5961981527329714,2.7036208337404926e-06,3.383167753004297e-06,1.9055276456432546e-06
2007-08-22 04:00:00,0.9882840852770096,1.1653705835342407,0.8459041517722645,2.291500024452921e-06,2.702104344741035e-06,1.9613686118679667e-06
2007-08-22 04:30:00,1.6828185010058967,1.106569766998291,0.9882840852770096,3.3305260879066564e-06,2.1900516751352764e-06,1.955948265550067e-06
2007-08-22 05:00:00,1.0502242327686602,1.3201953172683716,1.6828185010058967,2.2235422219426885e-06,2.7951269239127065e-06,3.562875309959783e-06
2007-08-22 05:30:00,1.9133629265687913,1.206138253211975,1.0502242327686602,2.9323819260686223e-06,1.8485034725750522e-06,1.6095527491027623e-06
2007-08-22 06:00:00,0.48830147190646706,1.6029245853424072,1.9133629265687913,9.08776020294501e-07,2.983196875922408e-06,3.560952497229605e-06
2007-08-22 06:30:00,0.7737944880006808,1.151384949684143,0.48830147190646706,1.4669292108870395e-06,2.18275038380202e-06,9.257027595395631e-07
2007-08-22 07:00:00,0.5126068156461915,1.1418095827102661,0.7737944880006808,1.5511555087455904e-06,3.4551320234141953e-06,2.3415131170001393e-06
2007-08-22 07:30:00,0.24584287469137242,1.0426702499389648,0.5126068156461915,6.745944272023964e-07,2.8610938629055976e-06,1.4065963946077405e-06
2007-08-22 08:00:00,0.5152910160813965,1.4487711191177368,0.24584287469137242,1.498183486634091e-06,4.21223133886682e-06,7.147761627404115e-07
2007-08-22 08:30:00,0.775684237400311,0.9340313673019409,0.5152910160813965,2.8268386054161383e-06,3.4039056106230075e-06,1.877883379666077e-06
2007-08-22 16:30:00,0.18865685160003784,1.036104679107666,0.775684237400311,8.372829569193893e-07,4.598363547593029e-06,3.4425847056071814e-06
2007-08-22 17:00:00,0.42182446679791374,1.1960586309432983,0.18865685160003784,7.042946295786685e-07,1.996986274478344e-06,3.149888588107465e-07
2007-08-22 17:30:00,0.590479198147378,0.812824547290802,0.42182446679791374,5.921746840779617e-07,8.151584696174284e-07,4.230356821140091e-07
2007-08-22 18:00:00,1.6493415235225555,0.8879856467247009,0.590479198147378,1.3707533362036574e-06,7.379971160546606e-07,4.907421048193298e-07
2007-08-22 18:30:00,8.355992844820987,1.477964162826538,1.6493415235225555,9.521627359456404e-06,1.6841354786208805e-06,1.8794194378940154e-06
2007-08-22 19:00:00,2.9322381124595034,1.777171015739441,8.355992844820987,1.7986888808617317e-06,1.0901494431224946e-06,5.125719959329283e-06
2007-08-22 19:30:00,1.667526945985204,3.0067965984344482,2.9322381124595034,1.0986161839163049e-06,1.980966732044575e-06,1.931845391284485e-06
2007-08-22 20:00:00,0.9020571311016237,2.324589967727661,1.667526945985204,6.29282230331422e-07,1.6216524531115454e-06,1.1632800623457375e-06
2007-08-22 20:30:00,0.8242334639871995,1.8756828308105469,0.9020571311016237,6.841996400078699e-07,1.5570121496904534e-06,7.48801391028996e-07
2007-08-22 21:00:00,1.0968894324440408,1.8756828308105469,0.8242334639871995,1.1103236084642423e-06,1.8986552950916852e-06,8.343282803920512e-07
2007-08-22 21:30:00,1.2653460289481908,1.4849385023117065,1.0968894324440408,9.97015680664225e-07,1.17004118854151e-06,8.642821323829109e-07
2007-08-22 22:00:00,2.549361747067706,1.3907177448272705,1.2653460289481908,1.5386098421729087e-06,8.393363603015269e-07,7.636710859623593e-07
2007-08-22 22:30:00,2.072180295047642,1.7525421380996704,2.549361747067706,1.482225830146806e-06,1.2535893868502976e-06,1.8235526324243253e-06
2007-08-22 23:00:00,1.0126147031817891,1.7300087213516235,2.072180295047642,7.414786527484469e-07,1.2667844264163103e-06,1.5173367013099445e-06
2007-08-22 23:30:00,1.2207952979516037,1.3815613985061646,1.0126147031817891,8.54660224018041e-07,9.672101263194463e-07,7.089161553271472e-07
2007-08-23 00:00:00,1.17864674309799,1.4680206775665283,1.2207952979516037,9.682366588012804e-07,1.2059520328900072e-06,1.002860922741042e-06
2007-08-23 00:30:00,1.2967867474058186,1.4534578323364258,1.17864674309799,9.409689661446465e-07,1.054651982343592e-06,8.552447112228208e-07
2007-08-23 01:00:00,1.6568503476212997,1.4566967487335205,1.2967867474058186,7.985650530614468e-07,7.020954657231991e-07,6.250223982137249e-07
2007-08-23 01:30:00,0.9674684269669588,1.5291515588760376,1.6568503476212997,4.570007288247045e-07,7.223216359428012e-07,7.826424049725174e-07
2007-08-23 02:00:00,0.6447825323499848,1.3249865770339966,0.9674684269669588,6.57010975282279e-07,1.3501152396921863e-06,9.858166790587824e-07
2007-08-23 02:30:00,0.865096354784629,1.1940516233444214,0.6447825323499848,1.228097720688821e-06,1.6950852571551325e-06,9.153384521151054e-07
2007-08-23 03:00:00,1.3756701342505904,1.1782194375991821,0.865096354784629,2.11048535797676e-06,1.8075662250902133e-06,1.3271882150779085e-06
2007-08-23 03:30:00,0.5527605515836018,1.2792741060256958,1.3756701342505904,1.7666953640081568e-06,4.088728158940357e-06,4.3968225330519344e-06
2007-08-23 04:00:00,0.5002071548120101,1.1132391691207886,0.5527605515836018,1.1969193557929623e-06,2.6638113756056058e-06,1.322671611040542e-06
2007-08-23 04:30:00,0.6844928466368948,1.0324159860610962,0.5002071548120101,1.4273844045892495e-06,2.152914358115966e-06,1.0430903629609076e-06
2007-08-23 05:00:00,0.5419218792234385,1.1017048358917236,0.6844928466368948,1.2292379386643923e-06,2.498990045260314e-06,1.5526307537835008e-06
2007-08-23 05:30:00,0.6187117360941453,1.0793328285217285,0.5419218792234385,9.99896794507881e-07,1.7443041282180925e-06,8.757971092158997e-07
2007-08-23 06:00:00,0.5972937515714214,1.0793328285217285,0.6187117360941453,1.1116211392535426e-06,2.008742240009195e-06,1.1514820691444494e-06
2007-08-23 06:30:00,0.49583109296887146,1.0793328285217285,0.5972937515714214,9.399771195338948e-07,2.046156801295879e-06,1.1323260442502063e-06
2007-08-23 07:00:00,0.4840229473858787,1.0280609130859375,0.49583109296887146,1.4646603171876124e-06,3.1109269326608915e-06,1.5003919335260328e-06
2007-08-23 07:30:00,0.2849536080105384,1.0269789695739746,0.4840229473858787,7.819145306385053e-07,2.8180368887989396e-06,1.3281620765071996e-06
2007-08-23 08:00:00,0.6346032056258291,4.824697494506836,0.2849536080105384,1.8450778561283757e-06,1.4027572553551406e-05,8.284887115337487e-07
2007-08-23 08:30:00,0.4439991744081514,4.885067462921143,0.6346032056258291,1.6180733686123917e-06,1.780273032301045e-05,2.312694720723237e-06
2007-08-23 16:30:00,0.6092765110206688,4.7408318519592285,0.4439991744081514,2.70404617909362e-06,2.1040411082876627e-05,1.970524465267553e-06
2007-08-23 17:00:00,0.6346828395815015,4.885067462921143,0.6092765110206688,9.443292740848843e-07,7.268373939585027e-06,9.065278111954307e-07
2007-08-23 17:30:00,1.8706991204143968,0.95709228515625,0.6346828395815015,1.7804502794976707e-06,9.10918922244443e-07,6.040635967557079e-07
2007-08-23 18:00:00,0.2136984952104755,1.1391727924346924,1.8706991204143968,1.776029531020624e-07,9.467565591917486e-07,1.5547217018247915e-06
2007-08-23 18:30:00,0.6362795953099046,2.2021830081939697,0.2136984952104755,7.930772525977644e-07,2.7448644632479648e-06,2.663599724320159e-07
2007-08-23 19:00:00,0.7155934822883466,1.7027643918991089,0.6362795953099046,4.663919302034636e-07,1.1097859204641964e-06,4.146986745277372e-07
2007-08-23 19:30:00,0.5354128506830506,1.7084861993789673,0.7155934822883466,4.1373908269370585e-07,1.3202288888362069e-06,5.529732627184172e-07
2007-08-23 20:00:00,0.695277090384534,1.7027643918991089,0.5354128506830506,4.916708703628833e-07,1.2041237402557506e-06,3.7862156820558417e-07
2007-08-23 20:30:00,0.5973302884747576,0.7444404363632202,0.695277090384534,4.958463665903442e-07,6.179631146047803e-07,5.771524158283935e-07
2007-08-23 21:00:00,0.6576160233334125,0.9792352318763733,0.5973302884747576,7.282562667475155e-07,1.0844233852744261e-06,6.614947179887871e-07
2007-08-23 21:30:00,0.5496564118549553,0.7277038097381592,0.6576160233334125,4.6531878968717606e-07,6.160471317988767e-07,5.567134039676146e-07
2007-08-23 22:00:00,1.4311962998794636,0.9624986052513123,0.5496564118549553,9.312831462008828e-07,6.263003400636905e-07,3.5766285351973197e-07
2007-08-23 22:30:00,1.5265562423697079,0.863075852394104,1.4311962998794636,1.10902333021496e-06,6.27013423733662e-07,1.039745567591901e-06
2007-08-23 23:00:00,0.9420110820525289,1.0746269226074219,1.5265562423697079,7.005743594439013e-07,7.992008611050335e-07,1.1353010405387258e-06
2007-08-23 23:30:00,0.6707722180630845,1.0266121625900269,0.9420110820525289,5.260197503635118e-07,8.050695287367484e-07,7.387253390603765e-07
2007-08-24 00:00:00,0.42792909126569056,0.9605832695960999,0.6707722180630845,3.8004199750538237e-07,8.530898973654845e-07,5.957099407984302e-07
2007-08-24 00:30:00,0.3226147725419932,0.8466163277626038,0.42792909126569056,2.3409437950311642e-07,6.14318192447299e-07,3.1051211419072544e-07
2007-08-24 01:00:00,0.6881145817436916,0.774407148361206,0.3226147725419932,3.5116658425814746e-07,3.9520440393223846e-07,1.6464049841482605e-07
2007-08-24 01:30:00,1.9830275621382631,0.7235953211784363,0.6881145817436916,9.36717949564274e-07,3.4180297768413385e-07,3.250430263214301e-07
2007-08-24 02:00:00,0.9936957639611577,1.0910810232162476,1.9830275621382631,7.896496049735752e-07,8.670377093512013e-07,1.575831343843185e-06
2007-08-24 02:30:00,0.402558520411224,0.9122738242149353,0.9936957639611577,5.260197700007766e-07,1.1920603908745127e-06,1.2984537420190208e-06
2007-08-24 03:00:00,0.877968968254896,0.6779438257217407,0.402558520411224,1.3469367445919935e-06,1.0400680236442867e-06,6.175854530123251e-07
2007-08-24 03:30:00,0.6215935304509572,0.8018988370895386,0.877968968254896,1.815626313153104e-06,2.34228407758744e-06,2.5644790088773947e-06
2007-08-24 04:00:00,0.7372801739635558,0.8651200532913208,0.6215935304509572,1.634784602273242e-06,1.9182462680847387e-06,1.3782705250176961e-06
2007-08-24 04:30:00,0.6159669704786654,0.8161696195602417,0.7372801739635558,1.2844862466031546e-06,1.701972185953062e-06,1.5374627029326562e-06
2007-08-24 05:00:00,0.40898377460703,0.801102340221405,0.6159669704786654,8.476007652700569e-07,1.6602491316036302e-06,1.2765642746107639e-06
2007-08-24 05:30:00,0.5251182919120819,0.7228784561157227,0.40898377460703,8.486409198167348e-07,1.1682400848768329e-06,6.609565349720099e-07
2007-08-24 06:00:00,0.2515661285870204,2.261394739151001,0.5251182919120819,4.681887692978287e-07,4.208673185720434e-06,9.772956645912327e-07
2007-08-24 06:30:00,0.9079210902013118,1.1897939443588257,0.2515661285870204,1.606586162179279e-06,2.105366322559769e-06,4.4515174878392325e-07
2007-08-24 07:00:00,0.342590283989215,1.0257642269134521,0.9079210902013118,9.71735746658035e-07,2.909515574487876e-06,2.5752609449984375e-06
2007-08-24 07:30:00,0.6034567445328549,0.8875699639320374,0.342590283989215,1.4833400142306286e-06,2.1817107105974965e-06,8.421115205551734e-07
2007-08-24 08:00:00,0.322639193763642,0.9898921251296997,0.6034567445328549,8.475101785217037e-07,2.6002533725040585e-06,1.585163065042346e-06
2007-08-24 08:30:00,0.5894931856803869,0.8148456811904907,0.322639193763642,2.1482995458254664e-06,2.9695552880716127e-06,1.175799229346355e-06
2007-08-24 16:30:00,0.13858503604362848,0.908715546131134,0.5894931856803869,5.633901090842152e-07,3.694203683723611e-06,2.3964681878086778e-06
2007-08-24 17:00:00,0.183286605791291,1.2102841138839722,0.13858503604362848,2.681033406988926e-07,1.7703487536704109e-06,2.0271591027487232e-07
2007-08-24 17:30:00,0.18660542896191679,1.22381591796875,0.183286605791291,1.776029531020624e-07,1.164774906569946e-06,1.744442411652999e-07
2007-08-24 18:00:00,0.3162317881491625,1.2453618049621582,0.18660542896191679,2.3163059715720864e-07,9.121913399297455e-07,1.3668305516091217e-07
2007-08-24 18:30:00,0.15304431303109275,1.5179380178451538,0.3162317881491625,1.7439350957190554e-07,1.729685559703597e-06,3.603451201896516e-07
2007-08-24 19:00:00,0.2678132726695188,1.0575952529907227,0.15304431303109275,1.6428159556721792e-07,6.487484130035279e-07,9.388020125597852e-08
2007-08-24 19:30:00,0.7189628228309742,1.0365452766418457,0.2678132726695188,4.681508365187221e-07,6.749438537568071e-07,1.743859399257527e-07
2007-08-24 20:00:00,2.214673757740645,0.49948617815971375,0.7189628228309742,1.3725042451068933e-06,3.0954757896070574e-07,4.455642836605584e-07
2007-08-26 18:30:00,0.9231213723356742,1.7035083770751953,2.214673757740645,1.0518938776231803e-06,1.9411423958166216e-06,2.5236137267689593e-06
2007-08-26 19:00:00,0.6493854049956838,0.8207840919494629,0.9231213723356742,3.983449715070711e-07,5.034840838827279e-07,5.662596571031137e-07
2007-08-26 19:30:00,0.5241917942080012,0.9139338731765747,0.6493854049956838,3.4132617036919935e-07,5.951057463106091e-07,4.2284567562855794e-07
2007-08-26 20:00:00,0.4025306388605131,0.7735071182250977,0.5241917942080012,2.846528273307801e-07,5.469918731815002e-07,3.706865065161112e-07
2007-08-26 20:30:00,0.6018464509635921,0.6674433350563049,0.4025306388605131,4.552582468677078e-07,5.048780832964503e-07,3.0448861609929376e-07
2007-08-26 21:00:00,0.3938573731532309,0.6670511960983276,0.6018464509635921,3.986811494804448e-07,6.752209194248655e-07,6.09217577824905e-07
2007-08-26 21:30:00,0.5385783972341475,0.580257773399353,0.3938573731532309,4.5594055222043766e-07,4.912247706045357e-07,3.334250856212943e-07
2007-08-26 22:00:00,0.34402073515246895,0.599001944065094,0.5385783972341475,2.2811465775529878e-07,3.971886270303114e-07,3.5712273768909533e-07
2007-08-26 22:30:00,0.6278082035239663,0.5038607120513916,0.34402073515246895,4.560945252351854e-07,3.660482786905302e-07,2.499266065490891e-07
2007-08-26 23:00:00,0.7663309999935529,0.6852117776870728,0.6278082035239663,5.69920948565391e-07,5.095925211310514e-07,4.669014392899714e-07
2007-08-26 23:30:00,0.44767754466697773,0.6932226419448853,0.7663309999935529,3.134122413929004e-07,4.853146301047445e-07,5.364966798491255e-07
2007-08-27 00:00:00,0.6099135410990305,0.5038607120513916,0.44767754466697773,5.416616098225074e-07,4.4747654548590823e-07,3.9758051459023114e-07
2007-08-27 00:30:00,0.5503534483354932,0.656337320804596,0.6099135410990305,3.993451632123508e-07,4.762487366832854e-07,4.425629081679494e-07
2007-08-27 01:00:00,0.7108331713749518,0.656337320804596,0.5503534483354932,3.426057941997184e-07,3.163400050988359e-07,2.6525813348414533e-07
2007-08-27 01:30:00,0.4836728674345268,0.6641528606414795,0.7108331713749518,2.284713865270793e-07,3.137242858825969e-07,3.357745517438198e-07
2007-08-27 02:00:00,0.5416675424212208,0.5854952931404114,0.4836728674345268,4.2814389685421395e-07,4.627861497375836e-07,3.8230384885243057e-07
2007-08-27 02:30:00,0.3043074090821423,0.656337320804596,0.5416675424212208,3.711345273409877e-07,8.004716088503495e-07,6.606198907177753e-07
2007-08-27 03:00:00,0.34920006909302503,0.8268638849258423,0.3043074090821423,4.850664306012562e-07,1.148579134866149e-06,4.2270698603346704e-07
2007-08-27 03:30:00,0.18718554789850325,0.9502976536750793,0.34920006909302503,5.140196157986001e-07,2.6095584852589e-06,9.589185028823297e-07
2007-08-27 04:00:00,0.3801773838898339,0.8775919079780579,0.18718554789850325,7.718891899752666e-07,1.7818095859545574e-06,3.800502267234307e-07
2007-08-27 04:30:00,0.28880250596685203,0.9014172554016113,0.3801773838898339,5.715793353831496e-07,1.7840270257367252e-06,7.524226137996084e-07
2007-08-27 05:00:00,0.22503267038917849,0.9014172554016113,0.28880250596685203,4.284140195345564e-07,1.716105439252624e-06,5.498181318247452e-07
2007-08-27 05:30:00,0.19968471800147455,0.68805330991745,0.22503267038917849,2.855385610144468e-07,9.838797579572668e-07,3.217847891779573e-07
2007-08-27 06:00:00,0.268553266635429,0.68805330991745,0.19968471800147455,4.5721317462136445e-07,1.1714139324291237e-06,3.3996415305112327e-07
2007-08-27 06:30:00,0.18928182252915093,0.68805330991745,0.268553266635429,3.144729699759878e-07,1.1431323144525718e-06,4.4617461004524244e-07
2007-08-27 07:00:00,0.18175211442992684,1.465885043144226,0.18928182252915093,4.571069705040864e-07,3.6867041315068065e-06,4.7604420305740233e-07
2007-08-27 07:30:00,0.2985246785771793,1.4306612014770508,0.18175211442992684,7.194967384251578e-07,3.4481439630393243e-06,4.380544153249952e-07
2007-08-27 08:00:00,0.45397665551452576,0.7301511764526367,0.2985246785771793,1.1324652282105936e-06,1.8213950180599352e-06,7.446832654164578e-07
2007-08-27 08:30:00,0.28631110881864574,0.44430023431777954,0.45397665551452576,8.437471847963007e-07,1.30933470746822e-06,1.3378507269036706e-06
2007-08-27 16:30:00,0.8104572370912734,0.4284714162349701,0.28631110881864574,2.762043811790769e-06,1.4602335195234312e-06,9.75750218725524e-07
2007-08-27 17:00:00,0.5131053042926985,0.6791725754737854,0.8104572370912734,7.383734584017521e-07,9.773490922988692e-07,1.1662715392558996e-06
2007-08-27 17:30:00,0.7449522080885864,0.5959482789039612,0.5131053042926985,7.090131986644211e-07,5.671977220503897e-07,4.883513722063981e-07
2007-08-27 18:00:00,0.8963575456481448,0.6755395531654358,0.7449522080885864,5.283010903700377e-07,3.981539333919774e-07,4.3906481929840825e-07
2007-08-27 18:30:00,0.44137548889181943,0.6830639243125916,0.8963575456481448,4.793201669216272e-07,7.417863530249184e-07,9.734166468560597e-07
2007-08-27 19:00:00,1.0631445734622411,0.5560298562049866,0.44137548889181943,6.371807138345635e-07,3.3324865642330825e-07,2.645321775619799e-07
2007-08-27 19:30:00,0.45605008178271866,0.7705910801887512,1.0631445734622411,2.969558654512023e-07,5.017684466405871e-07,6.922639190812494e-07
2007-08-27 20:00:00,0.5751810852162942,0.5560298562049866,0.45605008178271866,4.067439999039178e-07,3.932010519674328e-07,3.224995382994158e-07
2007-08-27 20:30:00,0.37326976568423353,0.6288882493972778,0.5751810852162942,2.609241652922905e-07,4.3960737413414774e-07,4.02064829110574e-07
2007-08-27 21:00:00,0.6329324052910202,0.49053508043289185,0.37326976568423353,5.21611482286478e-07,4.042591725106409e-07,3.0761862426961083e-07
2007-08-27 21:30:00,0.220719133480566,0.6288882493972778,0.6329324052910202,1.7391324749773625e-07,4.955256757361134e-07,4.987122245131806e-07
2007-08-27 22:00:00,1.2953123784848677,0.4422527551651001,0.220719133480566,7.817566010463432e-07,2.669116858789351e-07,1.3321005993742782e-07
2007-08-27 22:30:00,0.4049982124604263,0.7691401839256287,1.2953123784848677,2.896942959581257e-07,5.501642160882632e-07,9.265339845609452e-07
2007-08-27 23:00:00,0.31765929120768693,0.5663840174674988,0.4049982124604263,2.3189748730145733e-07,4.13471395717952e-07,2.956566057743628e-07
2007-08-27 23:30:00,0.21482190622590422,0.5663840174674988,0.31765929120768693,1.503935498499048e-07,3.9651683788529837e-07,2.2238843927439227e-07
2007-08-28 00:00:00,0.3940194881791184,0.5412098169326782,0.21482190622590422,3.187505073540904e-07,4.3782327754784393e-07,1.73784783886506e-07
2007-08-28 00:30:00,0.675911294354256,0.582234799861908,0.3940194881791184,4.34748579980121e-07,3.744955211864046e-07,2.534347545324269e-07
2007-08-28 01:00:00,0.8407699420978586,0.6121202111244202,0.675911294354256,3.768729240665622e-07,2.743812811279724e-07,3.029754670787869e-07
2007-08-28 01:30:00,1.054561269611721,0.6201856732368469,0.8407699420978586,4.927525708640986e-07,2.897869414577081e-07,3.9285678548247576e-07
2007-08-28 02:00:00,0.5331542628929318,0.721358060836792,1.054561269611721,4.055246834714712e-07,5.48675157736064e-07,8.021142375193704e-07
2007-08-28 02:30:00,0.4114335620856322,0.5970847010612488,0.5331542628929318,4.636568623666829e-07,6.728727176699986e-07,6.008275830422121e-07
2007-08-28 03:00:00,0.4379919243342784,0.5177170634269714,0.4114335620856322,6.084053188214204e-07,7.191498233953278e-07,5.715136595155509e-07
2007-08-28 03:30:00,0.7462399505299937,0.5317934155464172,0.4379919243342784,1.9163681139687027e-06,1.3656625379649934e-06,1.1247773016894619e-06
2007-08-28 04:00:00,0.8312266259554879,0.7035115361213684,0.7462399505299937,1.6876723187210414e-06,1.4283673168531671e-06,1.515120507822461e-06
2007-08-28 04:30:00,1.3969044808702857,0.8848981261253357,0.8312266259554879,2.7646634578067844e-06,1.751333428078242e-06,1.6451102487003618e-06
2007-08-28 05:00:00,0.6969878507942261,0.9711884260177612,1.3969044808702857,1.2221445356947898e-06,1.702945936051979e-06,2.449424586436894e-06
2007-08-28 05:30:00,0.8021751594759025,0.8447520732879639,0.6969878507942261,1.019107279174862e-06,1.0731982620208298e-06,8.854741808571002e-07
2007-08-28 06:00:00,0.5587117735611583,0.9013717174530029,0.8021751594759025,7.852268560707529e-07,1.2668093162515764e-06,1.1273961070812626e-06
2007-08-28 06:30:00,0.6343619375767572,0.8379047513008118,0.5587117735611583,1.0180649612070147e-06,1.3447235995697126e-06,8.966566976720891e-07
2007-08-28 07:00:00,0.6415515814249926,0.7743023037910461,0.6343619375767572,1.3389754625406727e-06,1.6160380792173908e-06,1.323970033552701e-06
2007-08-28 07:30:00,0.96093091624763,0.7743023037910461,0.6415515814249926,2.055846300011058e-06,1.6565670845047977e-06,1.3725559482352298e-06
2007-08-28 08:00:00,0.28982832945600423,0.880723774433136,0.96093091624763,6.447250069416354e-07,1.9591757736410734e-06,2.137597083111334e-06
2007-08-28 08:30:00,0.3389577263993049,0.6972333192825317,0.28982832945600423,8.618643313127973e-07,1.7728480034248708e-06,7.369435180475545e-07
2007-08-28 16:30:00,1.1347918118851374,0.6977536678314209,0.3389577263993049,3.8673782628400286e-06,2.3779492762689026e-06,1.1551702518197544e-06
2007-08-28 17:00:00,0.625471873978378,0.8957491517066956,1.1347918118851374,9.000722207677472e-07,1.2890090854114762e-06,1.6329984268290535e-06
2007-08-28 17:30:00,1.1575755316452903,0.7711175680160522,0.625471873978378,1.1017301801055898e-06,7.339162532965813e-07,5.952969992288476e-07
2007-08-28 18:00:00,1.7856173813470455,0.9088617563247681,1.1575755316452903,1.085514698650534e-06,5.525163485962547e-07,7.037147305607169e-07
2007-08-28 18:30:00,2.2913801184391938,1.216628909111023,1.7856173813470455,2.113765083441281e-06,1.1223226067510195e-06,1.647206259103011e-06
2007-08-28 19:00:00,1.390930069163148,1.8103514909744263,2.2913801184391938,8.532221305047738e-07,1.1105029579387986e-06,1.4055747803534276e-06
2007-08-28 19:30:00,3.234440326172558,1.2623039484024048,1.390930069163148,2.106097695573831e-06,8.21946045914535e-07,9.057006214226164e-07
2007-08-28 20:00:00,1.3345658827314983,2.9560582637786865,3.234440326172558,8.270732124863673e-07,1.8319639638294253e-06,2.00448624213871e-06
2007-08-28 20:30:00,1.4461941386107149,2.242107629776001,1.3345658827314983,9.38297209950751e-07,1.4546894343307818e-06,8.658722994586118e-07
2007-08-28 21:00:00,0.6609704594259814,2.2718160152435303,1.4461941386107149,5.447181692810254e-07,1.8722462450764807e-06,1.1918357505615516e-06
2007-08-28 21:30:00,0.7332088596600688,1.2025320529937744,0.6609704594259814,5.452978344112265e-07,8.943401537886566e-07,4.91573110971248e-07
2007-08-28 22:00:00,1.1433721340369485,1.1623139381408691,0.7332088596600688,7.581518100273505e-07,7.707118179539621e-07,4.861790903690217e-07
2007-08-28 22:30:00,0.5086621119962719,1.0714715719223022,1.1433721340369485,3.6384484642566657e-07,7.664211670996147e-07,8.178514748885193e-07
2007-08-28 23:00:00,0.5397849219132594,0.9019743204116821,0.5086621119962719,3.940535364131957e-07,6.584588718267817e-07,3.713332772636165e-07
2007-08-28 23:30:00,0.69284328319148,0.8746821284294128,0.5397849219132594,4.850490468102212e-07,6.123516572208279e-07,3.778952155681024e-07
2007-08-29 00:00:00,0.37477798576257687,0.9440101385116577,0.69284328319148,3.03184681699448e-07,7.636772282217863e-07,5.604904190265935e-07
2007-08-29 00:30:00,1.0828934857036703,0.7881020307540894,0.37477798576257687,6.965209918990456e-07,5.069100658794645e-07,2.4105855084690134e-07
2007-08-29 01:00:00,0.778924947421907,0.9557538032531738,1.0828934857036703,3.327295289718753e-07,4.0826463938798103e-07,4.6257427062447273e-07
2007-08-29 01:30:00,1.034581687154742,0.8731611371040344,0.778924947421907,4.834169439032369e-07,4.0799184218575306e-07,3.639591946076734e-07
2007-08-29 02:00:00,0.7543660067451194,0.9434240460395813,1.034581687154742,5.737814688886508e-07,7.175816912232137e-07,7.86917484129844e-07
2007-08-29 02:30:00,0.6950421448236148,0.836660623550415,0.7543660067451194,7.832639088749261e-07,9.428580342709107e-07,8.501177541046799e-07
2007-08-29 03:00:00,0.8671390403725557,0.902374804019928,0.6950421448236148,1.2045245015013536e-06,1.2534697555682628e-06,9.654683436423362e-07
2007-08-29 03:30:00,1.2711326133473801,0.8525890111923218,0.8671390403725557,3.2643092977192707e-06,2.1894759108094688e-06,2.2268408521510725e-06
2007-08-29 04:00:00,1.63543014741232,1.0551178455352783,1.2711326133473801,3.3204785588009376e-06,2.142247523473615e-06,2.580830856451401e-06
2007-08-29 04:30:00,1.3807779432893517,1.1544146537780762,1.63543014741232,2.7465407641843444e-06,2.2962757485971888e-06,3.253075984211797e-06
2007-08-29 05:00:00,0.7034463628466393,1.1459697484970093,1.3807779432893517,1.233469317331344e-06,2.0094190517111874e-06,2.421147250236906e-06
2007-08-29 05:30:00,2.290168817613309,0.9466953873634338,0.7034463628466393,2.9094988606900662e-06,1.202710092710523e-06,8.93679267448853e-07
2007-08-29 06:00:00,1.5771378578169928,1.3855617046356201,2.290168817613309,2.2165471720603345e-06,1.9473014758368384e-06,3.218657894147499e-06
2007-08-29 06:30:00,0.6920431015567202,1.2074984312057495,1.5771378578169928,1.1106354142735357e-06,1.93787138020756e-06,2.5310925781108857e-06
2007-08-29 07:00:00,0.9226562408631503,0.9951050877571106,0.6920431015567202,1.9256659988768406e-06,2.0768732144602074e-06,1.4443557756444073e-06
2007-08-29 07:30:00,1.2924585395661707,0.9914734959602356,0.9226562408631503,2.8651039687581045e-06,2.1978845442482433e-06,2.0453314180459286e-06
2007-08-29 08:00:00,1.0330114341049057,1.0896172523498535,1.2924585395661707,2.297940664648429e-06,2.423860676089032e-06,2.8750824408973688e-06
2007-08-29 08:30:00,0.84674766837481,0.9411728978157043,1.0330114341049057,2.153016604008064e-06,2.39311066557627e-06,2.6266275690216103e-06
2007-08-29 16:30:00,0.43808791516492457,0.868861198425293,0.84674766837481,1.4615642673127131e-06,2.89872520312467e-06,2.8249492685984587e-06
2007-08-29 17:00:00,0.5842174518488832,0.7553927302360535,0.43808791516492457,7.55513418558758e-07,9.768782876460477e-07,5.665378488233601e-07
2007-08-29 17:30:00,2.7454934191885085,0.7542270421981812,0.5842174518488832,2.753376754417504e-06,7.563927092403478e-07,5.85894957971231e-07
2007-08-29 18:00:00,1.0347259292091422,1.34954035282135,2.7454934191885085,7.579066806645952e-07,9.88499099477983e-07,2.0109941631732983e-06
2007-08-29 18:30:00,1.1684632396529793,0.9901311993598938,1.0347259292091422,1.0778904719420918e-06,9.133817389750214e-07,9.545197335409542e-07
2007-08-29 19:00:00,0.5187682864140754,1.060471534729004,1.1684632396529793,3.182220245183374e-07,6.505127772135452e-07,7.167568786208241e-07
2007-08-29 19:30:00,0.8017493859822905,0.8866084814071655,0.5187682864140754,6.195500445747068e-07,6.851247207419199e-07,4.0087703288728677e-07
2007-08-29 20:00:00,0.7458313647781839,0.9944066405296326,0.8017493859822905,4.622155794794058e-07,6.162656376448729e-07,4.968697678050532e-07
2007-08-29 20:30:00,0.6287123205553906,0.8395133018493652,0.7458313647781839,4.079113588480523e-07,5.446799760912583e-07,4.838987173170291e-07
2007-08-29 21:00:00,0.5868047045824343,0.8376355171203613,0.6287123205553906,4.0841910752671123e-07,5.829986495735637e-07,4.3758702486034353e-07
2007-08-29 21:30:00,0.5421433290959147,1.0280917882919312,0.5868047045824343,3.7917371769334243e-07,7.190448808928927e-07,4.104097744179765e-07
2007-08-29 22:00:00,0.7484496851225364,0.9848376512527466,0.5421433290959147,4.962850384385129e-07,6.530301252349972e-07,3.594865870983688e-07
2007-08-29 22:30:00,0.5037517833220315,0.9048448801040649,0.7484496851225364,3.502073809763707e-07,6.290466180812503e-07,5.203209451504672e-07
2007-08-29 23:00:00,0.5993059736281943,0.8690608143806458,0.5037517833220315,4.375050667674871e-07,6.34431369536951e-07,3.6774864141981196e-07
2007-08-29 23:30:00,0.25957128229047877,0.890528678894043,0.5993059736281943,1.7489447764001485e-07,6.000222626489645e-07,4.0380162350528344e-07
2007-08-30 00:00:00,1.1119832511518772,0.8351941704750061,0.25957128229047877,7.587063097887813e-07,5.698530858102345e-07,1.7710551801004859e-07
2007-08-30 00:30:00,0.8624269918049835,1.0033869743347168,1.1119832511518772,5.547161486359666e-07,6.453821173077451e-07,7.152316338519146e-07
2007-08-30 01:00:00,1.1497360444209972,0.9045593738555908,0.8624269918049835,4.379637090943138e-07,3.4456967787709167e-07,3.2852038168828234e-07
2007-08-30 01:30:00,2.3787709336871603,1.0219321250915527,1.1497360444209972,1.1115006086869782e-06,4.775063302608106e-07,5.372237801907503e-07
2007-08-30 02:00:00,0.709929340508754,1.2463263273239136,2.3787709336871603,4.969241226646326e-07,8.723820546921495e-07,1.6650511421256651e-06
2007-08-30 02:30:00,1.009456855822232,1.053222417831421,0.709929340508754,1.0515505367666897e-06,1.097141093665897e-06,7.395329228512045e-07
2007-08-30 03:00:00,0.821356559540305,1.1126214265823364,1.009456855822232,1.049377133482108e-06,1.4215013805103147e-06,1.289696818552789e-06
2007-08-30 03:30:00,1.0463819421654645,1.1365917921066284,0.821356559540305,2.6871423696551905e-06,2.9188041560154204e-06,2.1092699737988792e-06
2007-08-30 04:00:00,1.2923780230226636,1.1584389209747314,1.0463819421654645,2.62396625261084e-06,2.3520243923981564e-06,2.1245106730938413e-06
2007-08-30 04:30:00,0.6754054918000709,1.171959638595581,1.2923780230226636,1.343466358655568e-06,2.3311749271671167e-06,2.5707022191502966e-06
2007-08-30 05:00:00,1.0518165311814993,1.0290517807006836,0.6754054918000709,1.5187199789287934e-06,1.4858499104847201e-06,9.752193313816567e-07
2007-08-30 05:30:00,0.5510007212535312,1.1327773332595825,1.0518165311814993,7.879018216281018e-07,1.6198115355344077e-06,1.5040418804735702e-06
2007-08-30 06:00:00,2.5868079056573956,0.959585428237915,0.5510007212535312,3.635561545573875e-06,1.3486242542266482e-06,7.74389559190607e-07
2007-08-30 06:30:00,0.9153787174336886,1.3831613063812256,2.5868079056573956,1.4051393179217746e-06,2.1232024490072313e-06,3.970843353601783e-06
2007-08-30 07:00:00,1.4287980581738482,1.0738179683685303,0.9153787174336886,2.6632743859397192e-06,2.0015927890978145e-06,1.7062626013723657e-06
2007-08-30 07:30:00,0.7428288094986784,1.177128791809082,1.4287980581738482,1.646692489584157e-06,2.609442600985627e-06,3.1673395019710654e-06
2007-08-30 08:00:00,1.0855949195697996,1.0810298919677734,0.7428288094986784,2.3630108865426076e-06,2.353074205994001e-06,1.616913023486199e-06
2007-08-30 08:30:00,0.9837064080620596,1.2103030681610107,1.0855949195697996,2.1698386751087283e-06,2.669660769082678e-06,2.394582187000955e-06
2007-08-30 16:30:00,1.163195035820349,1.1242879629135132,0.9837064080620596,3.880692074399112e-06,3.7508889332077966e-06,3.2818758193975354e-06
2007-08-30 17:00:00,0.7909003626644482,1.1843807697296143,1.163195035820349,8.352826111608411e-07,1.2508436064128622e-06,1.2284690116162765e-06
2007-08-30 17:30:00,0.5813241377673968,1.0529594421386719,0.7909003626644482,5.829933361062811e-07,1.0559828812796657e-06,7.931713324828573e-07
2007-08-30 18:00:00,0.438230433843643,1.023815393447876,0.5813241377673968,3.167196591315058e-07,7.399359729134968e-07,4.2013691551212023e-07
2007-08-30 18:30:00,0.40541627637359345,0.827597439289093,0.438230433843643,4.3172462023975414e-07,8.813020369691028e-07,4.666681597516951e-07
2007-08-30 19:00:00,0.7499826579384707,0.827597439289093,0.40541627637359345,4.6005317983591467e-07,5.07663516667933e-07,2.4868981319593306e-07
2007-08-30 19:30:00,0.6413656293525379,0.8947848081588745,0.7499826579384707,4.372739862410073e-07,6.100515867782177e-07,5.113275352460751e-07
2007-08-30 20:00:00,0.34849840977399665,0.890761137008667,0.6413656293525379,2.1597562401957465e-07,5.520332002163052e-07,3.9747481807435576e-07
2007-08-30 20:30:00,1.2617592896691847,0.8212872743606567,0.34849840977399665,8.186350570217046e-07,5.328548481332863e-07,2.261073232376271e-07
2007-08-30 21:00:00,0.845325497250225,0.972963809967041,1.2617592896691847,5.83313700889528e-07,6.713900416698913e-07,8.7067228337821e-07
2007-08-30 21:30:00,1.1242094319425262,0.8640670776367188,0.845325497250225,7.862693256530941e-07,6.043263996447198e-07,5.912185841848375e-07
2007-08-30 22:00:00,0.878662048651559,0.9614143967628479,1.1242094319425262,5.826267780687334e-07,6.374985390964162e-07,7.454453281695098e-07
2007-08-30 22:30:00,1.2355242392559664,0.8853687644004822,0.878662048651559,8.161412336102329e-07,5.848415859594296e-07,5.804113796624689e-07
2007-08-30 23:00:00,0.7570437301012504,1.0279682874679565,1.2355242392559664,5.526567100252799e-07,7.504369287707859e-07,9.019568276886274e-07
2007-08-30 23:30:00,10.354670589659502,0.9086142778396606,0.7570437301012504,6.146297517194561e-06,5.393328191000498e-07,4.4936398105949134e-07
2007-08-31 00:00:00,11.563740723887225,1.773938536643982,10.354670589659502,8.627422243971332e-06,1.3234918661627974e-06,7.725364785262489e-06
2007-08-31 00:30:00,3.447955190241172,2.8167920112609863,11.563740723887225,1.986915913820204e-06,1.6232023226220065e-06,6.663712026366326e-06
2007-08-31 01:00:00,8.078043098579366,1.5355253219604492,3.447955190241172,3.0771321251037324e-06,5.849206595525231e-07,1.3134138494105263e-06
2007-08-31 01:30:00,4.0526071114641296,2.685572624206543,8.078043098579366,1.893614558413784e-06,1.2548562638823747e-06,3.7745331817861503e-06
2007-08-31 02:00:00,3.7717403563181127,5.159671306610107,4.0526071114641296,2.499452818789911e-06,3.4192053993677296e-06,2.68557729622859e-06
2007-08-31 02:30:00,1.23701693257011,3.8346076011657715,3.7717403563181127,1.294042957544732e-06,4.011381599220614e-06,3.94561619754068e-06
2007-08-31 03:00:00,2.000576313121858,2.7091264724731445,1.23701693257011,2.555965509000116e-06,3.4612195384614317e-06,1.580430895317581e-06
2007-08-31 03:30:00,0.4260042088803981,3.348097085952759,2.000576313121858,1.0904825166049716e-06,8.570434892469751e-06,5.12106088887471e-06
2007-08-31 04:00:00,0.6143822686616602,2.3043744564056396,0.4260042088803981,1.2929807566100003e-06,4.849605823824542e-06,8.965350603576015e-07
2007-08-31 04:30:00,0.6090620070491849,1.3420051336288452,0.6143822686616602,1.0080977825944913e-06,2.2212391904005454e-06,1.016903690486109e-06
2007-08-31 05:00:00,0.4764503065782364,1.1118146181106567,0.6090620070491849,6.636462907082448e-07,1.5486434515352353e-06,8.483607549597361e-07
2007-08-31 05:30:00,0.5407794935117158,0.9789139032363892,0.4764503065782364,7.497635995531195e-07,1.3572149472180538e-06,6.605744137014816e-07
2007-08-31 06:00:00,1.024009949862263,1.052000880241394,0.5407794935117158,1.4391680139303474e-06,1.4785071352808919e-06,7.600244018685548e-07
2007-08-31 06:30:00,0.7413170324877318,1.1888431310653687,1.024009949862263,1.064556659438978e-06,1.7072194712116887e-06,1.4705133750932487e-06
2007-08-31 07:00:00,0.8363931862163322,1.1128334999084473,0.7413170324877318,1.559033858340695e-06,2.074317598044497e-06,1.3818122534466611e-06
2007-08-31 07:30:00,0.8976211051691506,1.1128334999084473,0.8363931862163322,1.738687168599818e-06,2.1555523994884576e-06,1.6200890246499004e-06
2007-08-31 08:00:00,1.4267355751933308,1.1128334999084473,0.8976211051691506,3.1055706282556e-06,2.4223010146685726e-06,1.9538489037381057e-06
2007-08-31 08:30:00,1.0252423039797351,1.2660496234893799,1.4267355751933308,2.2159870530663307e-06,2.7364746492624466e-06,3.0837857065641117e-06
2007-08-31 16:30:00,1.4414969620271978,1.23614501953125,1.0252423039797351,5.584409926351633e-06,4.788869279177988e-06,3.9718247419740494e-06
2007-08-31 17:00:00,2.5596460200323383,1.22121000289917,1.4414969620271978,2.7032833871226305e-06,1.2897395527306534e-06,1.5223881581823699e-06
2007-08-31 17:30:00,0.7208231633077778,1.7240040302276611,2.5596460200323383,6.833372810003509e-07,1.6343484593965532e-06,2.426533497655422e-06
2007-08-31 18:00:00,0.2603723815381711,1.3292865753173828,0.7208231633077778,1.8817737327081846e-07,9.607073322817684e-07,5.2095621149486e-07
2007-08-31 18:30:00,1.0795492846512589,1.0068079233169556,0.2603723815381711,9.958686319161228e-07,9.287657760987429e-07,2.401897635223993e-07
2007-08-31 19:00:00,0.9514555830700081,1.3058795928955078,1.0795492846512589,5.836403839885887e-07,8.010506014176346e-07,6.622154204986221e-07
2007-08-31 19:30:00,0.8560465382591607,1.197771668434143,0.9514555830700081,5.836403839885887e-07,8.166237292626246e-07,6.486889170538898e-07
2007-08-31 20:00:00,0.2812440235029849,0.992109477519989,0.8560465382591607,1.742959272532249e-07,6.148420121689225e-07,5.305194517536481e-07
2007-09-02 18:30:00,2.579327353125844,0.7563732862472534,0.2812440235029849,2.640924926780173e-06,7.744364293970825e-07,2.879604836807015e-07
2007-09-02 19:00:00,0.427572968212893,1.3732720613479614,2.579327353125844,2.579582504558313e-07,8.285062075505436e-07,1.556129177544086e-06
2007-09-02 19:30:00,0.2596346342671545,0.7638080716133118,0.427572968212893,1.5619495343688606e-07,4.5950328051226244e-07,2.572258514330755e-07
2007-09-02 20:00:00,0.23223560113412214,0.8301443457603455,0.2596346342671545,1.4392383858230612e-07,5.144670336320427e-07,1.6090389677619348e-07
2007-09-02 20:30:00,0.3534101254603881,0.7808954119682312,0.23223560113412214,2.2929406629069998e-07,5.066484275873312e-07,1.5067549423531304e-07
2007-09-02 21:00:00,0.3321333138814079,0.9128838777542114,0.3534101254603881,2.291873522555287e-07,6.299321089300679e-07,2.4386933658657783e-07
2007-09-02 21:30:00,0.359790867841808,0.7752053737640381,0.3321333138814079,2.864187387941474e-07,6.171177906537765e-07,2.644013880731951e-07
2007-09-02 22:00:00,0.18977348500374813,0.7752053737640381,0.359790867841808,1.258357684849266e-07,5.140263084662004e-07,2.385715809974106e-07
2007-09-02 22:30:00,0.16492666545632087,0.8211753368377686,0.18977348500374813,1.1465673666052536e-07,5.708796942412066e-07,1.3193020325138086e-07
2007-09-02 23:00:00,0.23572274529876805,0.8211753368377686,0.16492666545632087,1.72082208352113e-07,5.994740356015699e-07,1.203996872338402e-07
2007-09-02 23:30:00,0.24169829108561983,0.8211753368377686,0.23572274529876805,1.434666215160171e-07,4.874310476885343e-07,1.3991967312054746e-07
2007-09-03 00:00:00,0.13881378806363406,1.0535753965377808,0.24169829108561983,1.0356554954887781e-07,7.860466633443702e-07,1.8032514414081135e-07
2007-09-03 00:30:00,0.15628859791571584,1.0535753965377808,0.13881378806363406,9.006274305022576e-08,6.071325195046763e-07,7.999272303246133e-08
2007-09-03 01:00:00,0.1665383455494964,1.036525845527649,0.15628859791571584,6.852567175962195e-08,4.2650015302260857e-07,6.430819956333032e-08
2007-09-03 01:30:00,0.1193822160405198,1.036525845527649,0.1665383455494964,5.735915179846393e-08,4.980159129938758e-07,8.001609083380031e-08
2007-09-03 02:00:00,0.1730786468437646,1.0233055353164673,0.1193822160405198,1.1469557044172761e-07,6.781230050593502e-07,7.91120777696228e-08
2007-09-03 02:30:00,2.2082115701264176,1.0008059740066528,0.1730786468437646,2.498216853090373e-06,1.132242211190756e-06,1.9580913274103345e-07
2007-09-03 03:00:00,0.2688339735985171,1.3224016427993774,2.2082115701264176,3.7343158704543825e-07,1.8369201539964526e-06,3.067379989688014e-06
2007-09-03 03:30:00,0.26982103539484564,0.8452199697494507,0.2688339735985171,6.906859499900804e-07,2.1635880127088794e-06,6.881592762876447e-07
2007-09-03 04:00:00,0.32845131576166464,0.7522534728050232,0.26982103539484564,6.912328893999036e-07,1.583133684096564e-06,5.678441978055286e-07
2007-09-03 04:30:00,0.9902725673969281,0.7522534728050232,0.32845131576166464,1.6390639504729112e-06,1.2451032064170586e-06,5.436409417716943e-07
2007-09-03 05:00:00,0.7834190643805242,1.0702404975891113,0.9902725673969281,1.091222209258638e-06,1.4907349761021304e-06,1.3793478712667938e-06
2007-09-03 05:30:00,0.3933064550923598,0.9982337355613708,0.7834190643805242,5.452996406771781e-07,1.3840009241283028e-06,1.08617117460234e-06
2007-09-03 06:00:00,0.15371456104694475,0.739567220211029,0.3933064550923598,2.2962438046343692e-07,1.104792308518902e-06,5.875354323477004e-07
2007-09-03 06:30:00,0.3200000193874998,0.71070396900177,0.15371456104694475,4.5953099245052426e-07,1.0205952513347494e-06,2.2073937660129563e-07
2007-09-03 07:00:00,0.4163174838879023,0.739567220211029,0.3200000193874998,7.760142764154101e-07,1.3785506097244534e-06,5.964788727556102e-07
2007-09-03 07:30:00,0.34161659963671065,0.7136273980140686,0.4163174838879023,6.617094840446308e-07,1.3822923647216614e-06,8.06404688048476e-07
2007-09-03 08:00:00,0.3086455999404352,0.6269664168357849,0.34161659963671065,7.192910939053298e-07,1.4611300465477188e-06,7.961292099946668e-07
2007-09-03 08:30:00,0.1966592475019616,0.5895102620124817,0.3086455999404352,4.3125659368882486e-07,1.292744637078781e-06,6.768329065533936e-07
2007-09-03 18:30:00,0.9705525818666318,0.5895102620124817,0.1966592475019616,1.03353384964486e-06,6.277648649711532e-07,2.0942089376348055e-07
2007-09-03 19:00:00,0.24500790550824644,0.8664830327033997,0.9705525818666318,1.436807210647037e-07,5.081342443661085e-07,5.69164062296406e-07
2007-09-03 19:30:00,0.503417477935823,0.6664710640907288,0.24500790550824644,2.874296781650714e-07,3.80526246810906e-07,1.3988895204212822e-07
2007-09-03 20:00:00,0.5221809048640281,0.7338840365409851,0.503417477935823,2.8768321558724694e-07,4.043160474342409e-07,2.773459494331964e-07
2007-09-03 20:30:00,0.5745807753717148,0.7138444185256958,0.5221809048640281,3.453428524633467e-07,4.290451025779977e-07,3.138487240039883e-07
2007-09-03 21:00:00,0.37255750531158194,0.7729365229606628,0.5745807753717148,2.300821941355557e-07,4.773462582147263e-07,3.548467112347373e-07
2007-09-03 21:30:00,0.41668110784797247,0.6733124256134033,0.37255750531158194,2.873419651162152e-07,4.6431410464500666e-07,2.5691446931182396e-07
2007-09-03 22:00:00,2.331171809514689,0.6733124256134033,0.41668110784797247,1.406926221451644e-06,4.0636254391816747e-07,2.514784943014896e-07
2007-09-03 22:30:00,0.6529806388256069,1.080125331878662,2.331171809514689,4.313346571133693e-07,7.134905109947291e-07,1.5398851563773799e-06
2007-09-03 23:00:00,0.6489678845986215,0.8289943933486938,0.6529806388256069,4.6048644545496176e-07,5.882273846745656e-07,4.6333376498235515e-07
2007-09-03 23:30:00,0.277666414340087,0.8775061964988708,0.6489678845986215,1.4388553336732833e-07,4.547199106397194e-07,3.362923471881291e-07
2007-09-04 00:00:00,0.4243158631369953,0.7575640082359314,0.277666414340087,3.165716184327785e-07,5.651998546098235e-07,2.0716007533210663e-07
2007-09-04 00:30:00,0.6205486942812225,0.7721582055091858,0.4243158631369953,3.4501112755639493e-07,4.293026084652708e-07,2.359100836567331e-07
2007-09-04 01:00:00,0.34949610892560173,0.7987897396087646,0.6205486942812225,1.4380745504874079e-07,3.286786795003658e-07,2.5533768811543014e-07
2007-09-04 01:30:00,0.49261773226657324,0.5891453623771667,0.34949610892560173,2.3017975438920695e-07,2.752830966672013e-07,1.6330497918200353e-07
2007-09-04 02:00:00,0.5146572647793186,0.6037557125091553,0.49261773226657324,3.1671813641403146e-07,3.715489845406522e-07,3.031550913691582e-07
2007-09-04 02:30:00,0.6117265557966179,0.6629091501235962,0.5146572647793186,6.920648419057736e-07,7.499692662201633e-07,5.822474032066963e-07
2007-09-04 03:00:00,0.5645111630636078,0.7045357823371887,0.6117265557966179,7.212277046230501e-07,9.001252027722974e-07,7.815507797928988e-07
2007-09-04 03:30:00,0.4032099941683119,0.7045357823371887,0.5645111630636078,9.53348479969435e-07,1.6658022541347554e-06,1.3347284715562325e-06
2007-09-04 04:00:00,0.7456978343933082,0.6425772309303284,0.4032099941683119,1.416580531837109e-06,1.2206853145527522e-06,7.659663225999448e-07
2007-09-04 04:30:00,0.5748229434557641,0.734167218208313,0.7456978343933082,1.0122656315122e-06,1.2928715724312147e-06,1.3131770362390057e-06
2007-09-04 05:00:00,0.8071018619281639,0.7080222964286804,0.5748229434557641,1.1242099112898562e-06,9.862022634389264e-07,8.0066925967183e-07
2007-09-04 05:30:00,0.49328208614119423,0.734167218208313,0.8071018619281639,6.339838056456501e-07,9.435780054797265e-07,1.03731622198509e-06
2007-09-04 06:00:00,0.865857046551848,0.634735107421875,0.49328208614119423,1.2934486266636037e-06,9.481903003036164e-07,7.36882652186026e-07
2007-09-04 06:30:00,0.4399553379724716,0.8798497915267944,0.865857046551848,5.963172374577516e-07,1.1925519519298701e-06,1.1735861290207435e-06
2007-09-04 07:00:00,0.6547721627093793,0.7744666934013367,0.4399553379724716,1.1408422309516955e-06,1.3493919879576874e-06,7.665561517073822e-07
2007-09-04 07:30:00,0.5832068812027258,0.8798497915267944,0.6547721627093793,1.1296685373671262e-06,1.7042642313257385e-06,1.2682900960139723e-06
2007-09-04 08:00:00,0.7397287414376814,0.8544682264328003,0.5832068812027258,1.6101651155464108e-06,1.8599181746959526e-06,1.2694644978024828e-06
2007-09-04 08:30:00,0.42195975959141596,0.8664287328720093,0.7397287414376814,9.120354871623025e-07,1.872723010937119e-06,1.5988701475191508e-06
2007-09-04 16:30:00,0.3193961202030869,0.8092429637908936,0.42195975959141596,1.2373518023874022e-06,3.135035701683855e-06,1.6346869483994043e-06
2007-09-04 17:00:00,0.5941092111432387,0.8558804988861084,0.3193961202030869,6.274483065434797e-07,9.039091795871895e-07,3.373193867039159e-07
2007-09-04 17:30:00,1.0133953224743764,0.8532930016517639,0.5941092111432387,8.08021866022703e-07,6.803656856983422e-07,4.737077651366146e-07
2007-09-04 18:00:00,0.1685565256106928,0.948066234588623,1.0133953224743764,1.2181984913183125e-07,6.851902366053683e-07,7.324051373713209e-07
2007-09-04 18:30:00,0.23966249692966257,0.6422520279884338,0.1685565256106928,2.498994081417049e-07,6.696850935306046e-07,1.7575622606025213e-07
2007-09-04 19:00:00,0.6258688061963704,0.6283955574035645,0.23966249692966257,3.670301216593728e-07,3.6851189195020335e-07,1.4054599707543825e-07
2007-09-04 19:30:00,0.36212131444498974,0.7271689176559448,0.6258688061963704,1.9758855370218534e-07,3.9677381309916865e-07,3.415002301457739e-07
2007-09-04 20:00:00,0.4097554075257987,0.6283955574035645,0.36212131444498974,2.257450476324475e-07,3.461996655386532e-07,1.995021709944409e-07
2007-09-04 20:30:00,0.7518040227268303,0.5882745981216431,0.4097554075257987,4.5186013321441043e-07,3.5357331197798726e-07,2.462771246665807e-07
2007-09-04 21:00:00,0.503278558697663,0.7189663648605347,0.7518040227268303,3.10812246151624e-07,4.4401563887010965e-07,4.6429535479163215e-07
2007-09-04 21:30:00,0.8936579432529728,0.5714617371559143,0.503278558697663,5.085906283305487e-07,3.2522520071722807e-07,2.864213990664217e-07
2007-09-04 22:00:00,0.42618867636678004,0.7237384915351868,0.8936579432529728,2.825989078986889e-07,4.798994404442382e-07,5.925703163941776e-07
2007-09-04 22:30:00,0.4389017858555234,0.6308803558349609,0.42618867636678004,2.545947962902963e-07,3.659562591304279e-07,2.472202728210108e-07
2007-09-04 23:00:00,0.5174021331963088,0.5572350025177002,0.4389017858555234,3.3952951993216974e-07,3.6566863713036176e-07,2.8801603837291825e-07
2007-09-04 23:30:00,0.70988042341326,0.5714617371559143,0.5174021331963088,3.678569609961485e-07,2.9612899725419835e-07,2.6811554460872513e-07
2007-09-05 00:00:00,0.6217727056637946,0.7251874208450317,0.70988042341326,3.964130718957215e-07,4.623454368110482e-07,4.5258641423228996e-07
2007-09-05 00:30:00,0.6119238707349217,0.7173327803611755,0.6217727056637946,3.40215919502447e-07,3.9882090425189994e-07,3.456916503761749e-07
2007-09-05 01:00:00,1.8610511441853337,0.7173327803611755,0.6119238707349217,7.089217267534592e-07,2.7325030529083727e-07,2.3309736996666894e-07
2007-09-05 01:30:00,0.7282335476360987,1.0400980710983276,1.8610511441853337,3.4027321420527004e-07,4.85994520425724e-07,8.695917081655575e-07
2007-09-05 02:00:00,1.3868975570124908,0.8844351172447205,0.7282335476360987,7.672791674058799e-07,4.892997589856878e-07,4.028837077994966e-07
2007-09-05 02:30:00,0.407328828103152,1.036177396774292,1.3868975570124908,4.26106537051754e-07,1.0839447931217473e-06,1.4508330235700227e-06
2007-09-05 03:00:00,0.8903076500075321,0.8472446799278259,0.407328828103152,1.1374700534503376e-06,1.082452174093826e-06,5.204092583843752e-07
2007-09-05 03:30:00,1.463551122575603,0.9584934115409851,0.8903076500075321,3.4604158087474944e-06,2.2662588977689823e-06,2.105040691242234e-06
2007-09-05 04:00:00,1.7203384867822311,1.036177396774292,1.463551122575603,3.268077089869164e-06,1.968396125213811e-06,2.7802655874355732e-06
2007-09-05 04:30:00,0.6617891289628205,1.1413865089416504,1.7203384867822311,1.1654134515405113e-06,2.009986463531337e-06,3.0295233420364878e-06
2007-09-05 05:00:00,0.8964977011190267,0.9516785144805908,0.6617891289628205,1.2487291240275751e-06,1.3255903236113613e-06,9.218042146334465e-07
2007-09-05 05:30:00,1.393033217276575,0.9751290082931519,0.8964977011190267,1.790376186957286e-06,1.2532707289439384e-06,1.1522109565222112e-06
2007-09-05 06:00:00,0.6861374842076539,1.1123169660568237,1.393033217276575,1.0249770330854111e-06,1.661619383812075e-06,2.0809634904036938e-06
2007-09-05 06:30:00,1.4434885650793057,0.9516785144805908,0.6861374842076539,1.9565102162342783e-06,1.2899088923850535e-06,9.299935102151688e-07
2007-09-05 07:00:00,2.2749615057983714,1.0512553453445435,1.4434885650793057,3.963779017215487e-06,1.8316546759106508e-06,2.515062198313501e-06
2007-09-05 07:30:00,0.8829739916359979,1.4020538330078125,2.2749615057983714,1.7103157898404934e-06,2.715770601981892e-06,4.406587987305369e-06
2007-09-05 08:00:00,0.6797481574812363,1.0626866817474365,0.8829739916359979,1.462700800917815e-06,2.286718460961151e-06,1.9000077463118764e-06
2007-09-05 08:30:00,1.1880876282644806,0.9933121204376221,0.6797481574812363,2.5679654379482294e-06,2.1469722718222346e-06,1.4692264555188375e-06
2007-09-05 16:30:00,1.0712689501336197,1.2204113006591797,1.1880876282644806,3.574005043274161e-06,4.07157898385895e-06,3.9637396143510526e-06
2007-09-05 17:00:00,0.39524874125412934,1.0960017442703247,1.0712689501336197,4.174285614695738e-07,1.1575050942028157e-06,1.1313843919714838e-06
2007-09-05 17:30:00,0.5167529047024813,0.783641517162323,0.39524874125412934,4.3760990135975593e-07,6.636233370071796e-07,3.3471464039930484e-07
2007-09-05 18:00:00,0.08917343917885506,0.8175634741783142,0.5167529047024813,5.7347785220863794e-08,5.257782469011102e-07,3.3232580086652526e-07
2007-09-05 18:30:00,0.31156205556414784,0.7535258531570435,0.08917343917885506,3.161424043610612e-07,7.646036181586304e-07,9.048439937944791e-08
2007-09-05 19:00:00,0.651180742717526,0.783641517162323,0.31156205556414784,3.418804111164916e-07,4.1142445788146244e-07,1.6357511310922746e-07
2007-09-05 19:30:00,0.8446429365179501,0.8517276048660278,0.651180742717526,4.608725572454565e-07,4.6473824898056427e-07,3.553114826987534e-07
2007-09-05 20:00:00,1.1590140090526462,0.8908016681671143,0.8446429365179501,5.569915446719105e-07,4.2809577215919406e-07,4.059131039252018e-07
2007-09-05 20:30:00,0.28676313565755146,0.9903274178504944,1.1590140090526462,1.7235452958767325e-07,5.952209158614781e-07,6.966073719961839e-07
2007-09-05 21:00:00,0.325544007452499,0.7845094799995422,0.28676313565755146,2.0104783410472379e-07,4.844934269341296e-07,1.7709773795618745e-07
2007-09-05 21:30:00,0.9098478182948282,0.7719569802284241,0.325544007452499,5.178044654393623e-07,4.3932926303927986e-07,1.852706984249821e-07
2007-09-05 22:00:00,0.996706855407684,0.9167677164077759,0.9098478182948282,6.609004050378449e-07,6.078940380636698e-07,6.033055640897478e-07
2007-09-05 22:30:00,1.6846391761165602,0.9534859657287598,0.996706855407684,8.021515944498095e-07,4.5400837077643846e-07,4.7458827065114587e-07
2007-09-05 23:00:00,1.8368911041595781,1.0622223615646362,1.6846391761165602,1.0854062531681106e-06,6.276598492346409e-07,9.954416415585392e-07
2007-09-05 23:30:00,0.776862056570723,1.1507928371429443,1.8368911041595781,3.994608155764542e-07,5.91735226861106e-07,9.445254950817885e-07
2007-09-06 00:00:00,0.6271887019620985,1.0071024894714355,0.776862056570723,3.9986605674119563e-07,6.420812427573356e-07,4.9529075734461e-07
2007-09-06 00:30:00,2.209454194945792,0.9461245536804199,0.6271887019620985,1.2284068762168708e-06,5.26023988257951e-07,3.487028225967264e-07
2007-09-06 01:00:00,1.0414588866795351,1.3643548488616943,2.209454194945792,4.285299555743001e-07,5.61392226086203e-07,9.091259579360757e-07
2007-09-06 01:30:00,2.1997800507365723,1.1092345714569092,1.0414588866795351,1.0278656220089535e-06,5.182991282981342e-07,4.866303728844046e-07
2007-09-06 02:00:00,1.4847539234818767,1.3647023439407349,2.1997800507365723,9.137119552373184e-07,8.39832666732307e-07,1.3537363326422588e-06
2007-09-06 02:30:00,1.417486714318333,1.223523736000061,1.4847539234818767,1.4828323297610958e-06,1.2799277295826048e-06,1.5532005324912866e-06
2007-09-06 03:00:00,0.7370623091453973,1.2153586149215698,1.417486714318333,9.4168156835758e-07,1.5527599124465243e-06,1.8110017236032701e-06
2007-09-06 03:30:00,0.6579746520341091,1.0724663734436035,0.7370623091453973,1.6842787922170006e-06,2.745291726015153e-06,1.8867268093053054e-06
2007-09-06 04:00:00,0.4340102144119684,1.0231397151947021,0.6579746520341091,9.133838719487678e-07,2.1532196330338855e-06,1.3847218691230987e-06
2007-09-06 04:30:00,0.43837280368240567,0.8601288199424744,0.4340102144119684,7.71976358997739e-07,1.5146904851544357e-06,7.642938208646602e-07
2007-09-06 05:00:00,0.36931339509727323,0.797360360622406,0.43837280368240567,5.144155883231189e-07,1.1106410015457835e-06,6.106082441221608e-07
2007-09-06 05:30:00,0.38916454125000366,0.7915126085281372,0.36931339509727323,6.289267758011271e-07,1.2791593789315622e-06,5.968454425283374e-07
2007-09-06 06:00:00,0.4027011425105929,0.781568706035614,0.38916454125000366,6.015695567882641e-07,1.1675356497829001e-06,5.813480913859454e-07
2007-09-06 06:30:00,2.542234884733944,0.6889079809188843,0.4027011425105929,3.650736402642132e-06,9.892954656211754e-07,5.782926389600136e-07
2007-09-06 07:00:00,1.115810147434796,1.118776559829712,2.542234884733944,2.397607060929137e-06,2.4039811661656143e-06,5.4626500074329734e-06
2007-09-06 07:30:00,1.9155924621397713,1.0508475303649902,1.115810147434796,3.4067182956231574e-06,1.8688429707047016e-06,1.9843734608675513e-06
2007-09-06 08:00:00,4.074104254875813,1.2682260274887085,1.9155924621397713,8.766769708815323e-06,2.7290036842854686e-06,4.122024602444497e-06
2007-09-06 08:30:00,1.4956680432283262,1.7567811012268066,4.074104254875813,3.2798696924000197e-06,3.85246787626612e-06,8.934155630150908e-06
2007-09-06 16:30:00,0.16820077892784432,1.285124659538269,1.4956680432283262,5.36484535819142e-07,4.09896738193992e-06,4.770505707676253e-06
2007-09-06 17:00:00,0.36599470898338876,1.137176513671875,0.16820077892784432,3.3752059417855804e-07,1.048705030863855e-06,1.5511488404494656e-07
2007-09-06 17:30:00,0.44835777510123553,1.0492340326309204,0.36599470898338876,3.7968978974369997e-07,8.885391786762632e-07,3.0994099314957234e-07
2007-09-06 18:00:00,0.3397373843582363,0.9762483835220337,0.44835777510123553,1.731867133625732e-07,4.976586526887088e-07,2.2855774211312894e-07
2007-09-06 18:30:00,0.6545927800148654,0.8411031365394592,0.3397373843582363,6.642161060870352e-07,8.534683962709523e-07,3.447319454478211e-07
2007-09-06 19:00:00,0.8338221366597699,0.9122485518455505,0.6545927800148654,4.3777009389070994e-07,4.789452290063659e-07,3.4367178582620904e-07
2007-09-06 19:30:00,0.7991323468416431,0.9359566569328308,0.8338221366597699,4.00030146498921e-07,4.6852174119748693e-07,4.1739518216267184e-07
2007-09-06 20:00:00,0.5450186674274722,0.9359566569328308,0.7991323468416431,2.8577029601176906e-07,4.907512841135373e-07,4.1901002838569003e-07
2007-09-06 20:30:00,1.1897863203492258,0.9217004179954529,0.5450186674274722,7.151025918426466e-07,5.539737232964127e-07,3.2757500654875e-07
2007-09-06 21:00:00,0.787501706596525,1.031684398651123,1.1897863203492258,4.863413512168757e-07,6.371424725387015e-07,7.34782263772875e-07
2007-09-06 21:30:00,1.2053436270508904,0.9344472885131836,0.787501706596525,6.859744013515717e-07,5.318042962576404e-07,4.48175938896041e-07
2007-09-06 22:00:00,0.7126393575833523,1.026394248008728,1.2053436270508904,4.861962124824187e-07,7.00254610674118e-07,8.223423250145427e-07
2007-09-06 22:30:00,0.6269230918476256,0.9128047227859497,0.7126393575833523,3.721690028737584e-07,5.418808589367978e-07,4.230539320839924e-07
2007-09-06 23:00:00,0.6299890733171015,0.8876722455024719,0.6269230918476256,3.722561876735842e-07,5.245193924944063e-07,3.704445204214913e-07
2007-09-06 23:30:00,0.44513410846426504,0.8663127422332764,0.6299890733171015,2.2888701089734013e-07,4.4545616770675057e-07,3.239390402748986e-07
2007-09-07 00:00:00,0.6286143401441427,0.788425624370575,0.44513410846426504,4.0077497668253116e-07,5.026631450223869e-07,2.8379659919857685e-07
2007-09-07 00:30:00,0.6183798156443113,0.8663127422332764,0.6286143401441427,3.438052797785337e-07,4.81650414816479e-07,3.4949544538557013e-07
2007-09-07 01:00:00,0.7936671571377963,0.8703159093856812,0.6183798156443113,3.438537817577249e-07,3.770616108714981e-07,2.679110963073706e-07
2007-09-07 01:30:00,0.5965099462751429,0.881321370601654,0.7936671571377963,2.866030275906119e-07,4.2344536695827995e-07,3.81330456525206e-07
2007-09-07 02:00:00,0.866349189535513,0.8729504942893982,0.5965099462751429,6.015017790805353e-07,6.060850309628896e-07,4.1415378262903673e-07
2007-09-07 02:30:00,0.8864674673319856,0.8839938044548035,0.866349189535513,1.0028875840363083e-06,1.0000890540529305e-06,9.801271650048003e-07
2007-09-07 03:00:00,0.4991195637455746,0.8812114000320435,0.8864674673319856,6.021420741991207e-07,1.063100905605226e-06,1.0694418697669327e-06
2007-09-07 03:30:00,0.873216969262858,0.8327081203460693,0.4991195637455746,2.235254531138372e-06,2.1315602703993842e-06,1.277642677264858e-06
2007-09-07 04:00:00,0.7079596726782836,0.8812114000320435,0.873216969262858,1.3448904413914018e-06,1.6740117191488491e-06,1.6588249310579847e-06
2007-09-07 04:30:00,0.5040984229287164,0.8681958913803101,0.7079596726782836,7.728958898895959e-07,1.331138931497439e-06,1.0854608868673342e-06
2007-09-07 05:00:00,1.4610923880738205,0.7995330691337585,0.5040984229287164,1.8379106825413998e-06,1.0057340526859294e-06,6.341062920561533e-07
2007-09-07 05:30:00,1.3868908695113156,0.9741937518119812,1.4610923880738205,1.7824818216007796e-06,1.2520687038150195e-06,1.8778482710312542e-06
2007-09-07 06:00:00,1.6441489823323217,1.050864577293396,1.3868908695113156,2.246414434368456e-06,1.4358050154613312e-06,1.8949205343572175e-06
2007-09-07 06:30:00,0.8813388699349031,1.1978663206100464,1.6441489823323217,1.26563281577798e-06,1.7201770805720616e-06,2.36105427441485e-06
2007-09-07 07:00:00,0.8384314414489027,0.9714688658714294,0.8813388699349031,1.8015870788989704e-06,2.0874524377116496e-06,1.8937848006537444e-06
2007-09-07 07:30:00,0.5449319530527313,1.0375245809555054,0.8384314414489027,9.691151385408536e-07,1.8451492381378826e-06,1.4910790200224033e-06
2007-09-07 08:00:00,1.0105705771267552,0.928086519241333,0.5449319530527313,2.1745735921146453e-06,1.997082125305794e-06,1.172599580305507e-06
2007-09-07 08:30:00,0.9457712670941186,1.0214064121246338,1.0105705771267552,2.0739939780950552e-06,2.239855260609598e-06,2.21609321864962e-06
2007-09-07 16:30:00,1.7768949836022077,0.9561788439750671,0.9457712670941186,4.94610774340574e-06,2.661588685831187e-06,2.6326184894628045e-06
2007-09-07 17:00:00,0.6095040488757186,1.1219104528427124,1.7768949836022077,5.620850894325535e-07,1.0346266581569458e-06,1.6386538819760271e-06
2007-09-07 17:30:00,3.7694161506611414,0.9347471594810486,0.6095040488757186,3.192113319274725e-06,7.915864788265207e-07,5.16155795699767e-07
2007-09-07 18:00:00,5.858783586278515,1.4974409341812134,3.7694161506611414,2.9866111894835022e-06,7.633451182751431e-07,1.9215218120960346e-06
2007-09-07 18:30:00,1.3326179580780777,2.028740406036377,5.858783586278515,1.3522090955481902e-06,2.0585654072266297e-06,5.9449149744611865e-06
2007-09-07 19:00:00,4.36964998842736,1.485919713973999,1.3326179580780777,2.024120432181077e-06,6.883115264611615e-07,6.172986954060481e-07
2007-09-07 19:30:00,0.11570761075642723,2.8037164211273193,4.36964998842736,5.3747538614640304e-08,1.3023590723540297e-06,2.029753530905195e-06
2007-09-07 20:00:00,0.3211317505203163,1.3376296758651733,0.11570761075642723,1.683793985224929e-07,7.013609831574906e-07,6.066911126687044e-08
2007-09-09 18:30:00,11.84840098287419,1.1577569246292114,0.3211317505203163,1.2022587178587234e-05,1.1747773879434666e-06,3.258527857069761e-07
2007-09-09 19:00:00,0.7650150834886932,4.5068511962890625,11.84840098287419,3.543722416022332e-07,2.087675126238562e-06,5.488446576184779e-06
2007-09-09 19:30:00,0.8540357157710579,1.4248466491699219,0.7650150834886932,3.835246130668818e-07,6.398605464751178e-07,3.4354782647518917e-07
2007-09-09 20:00:00,2.0422913254475037,1.6729470491409302,0.8540357157710579,9.740570109874111e-07,7.979007607395877e-07,4.073265484776863e-07
2007-09-09 20:30:00,2.0119213895763557,2.2176320552825928,2.0422913254475037,1.2092341083963844e-06,1.3328733095707838e-06,1.2274874867418156e-06
2007-09-09 21:00:00,3.456762159473294,2.0103180408477783,2.0119213895763557,1.94966894174273e-06,1.133851409627561e-06,1.1347557238599774e-06
2007-09-09 21:30:00,1.24740737761331,1.942330002784729,3.456762159473294,7.099133474438626e-07,1.105401506247145e-06,1.9672816114365562e-06
2007-09-09 22:00:00,0.9675824191471735,1.5589724779129028,1.24740737761331,6.209336644010464e-07,1.0004506843603556e-06,8.005077589824614e-07
2007-09-09 22:30:00,1.3020493159074435,1.4756675958633423,0.9675824191471735,6.199790136752552e-07,7.026484553377122e-07,4.6072048619318553e-07
2007-09-09 23:00:00,0.6304874074704524,1.4562811851501465,1.3020493159074435,3.538855388245414e-07,8.173943615377494e-07,7.308257362104814e-07
2007-09-09 23:30:00,1.8360310755289693,1.2578493356704712,0.6304874074704524,9.440832701909004e-07,6.467834504844105e-07,3.241952826356156e-07
2007-09-10 00:00:00,0.7394192770866022,1.4719889163970947,1.8360310755289693,4.71418999867304e-07,9.384709924223431e-07,1.170567173689987e-06
2007-09-10 00:30:00,0.5299096709018633,1.103560209274292,0.7394192770866022,2.946178676157794e-07,6.13554674495132e-07,4.111005000503189e-07
2007-09-10 01:00:00,0.816518221643298,1.1338030099868774,0.5299096709018633,3.537539330702004e-07,4.912165625679173e-07,2.2958168634154732e-07
2007-09-10 01:30:00,1.3505799133653917,1.1235742568969727,0.816518221643298,6.48908362032651e-07,5.398397558336961e-07,3.9230962680030533e-07
2007-09-10 02:00:00,0.8067946516637401,1.2599599361419678,1.3505799133653917,5.601533702462219e-07,8.747836926654448e-07,9.377006760002491e-07
2007-09-10 02:30:00,0.901404999336227,1.0774317979812622,0.8067946516637401,9.429594378010244e-07,1.1271010070295783e-06,8.43987587947626e-07
2007-09-10 03:00:00,0.5526823113093863,1.1436647176742554,0.901404999336227,6.471894818523491e-07,1.3392282707417346e-06,1.0555428001258381e-06
2007-09-10 03:30:00,1.3561653861532261,1.0554895401000977,0.5526823113093863,3.206513301197206e-06,2.4955962481873097e-06,1.3067603705597985e-06
2007-09-10 04:00:00,1.8510544221059169,1.204868197441101,1.3561653861532261,3.303642620420263e-06,2.1503710974239513e-06,2.420396567777488e-06
2007-09-10 04:30:00,1.7413818068734108,1.389603614807129,1.8510544221059169,2.4125545543379146e-06,1.925192118348045e-06,2.564497779149937e-06
2007-09-10 05:00:00,3.14602756887417,1.5337449312210083,1.7413818068734108,3.957393607413311e-06,1.929300444238844e-06,2.1904872350030912e-06
2007-09-10 05:30:00,1.29837451802616,2.0156092643737793,3.14602756887417,1.6687174361648082e-06,2.5905332223164283e-06,4.043387316948048e-06
2007-09-10 06:00:00,0.8791798243779105,1.4603445529937744,1.29837451802616,1.201230709084773e-06,1.9952809132557615e-06,1.773979906840718e-06
2007-09-10 06:30:00,1.2560471438508911,1.4610284566879272,0.8791798243779105,1.702451358789351e-06,1.9802838559804473e-06,1.1916438757572953e-06
2007-09-10 07:00:00,1.0113286736292417,1.4577202796936035,1.2560471438508911,1.8847389557137598e-06,2.7166461995120995e-06,2.3408027913748754e-06
2007-09-10 07:30:00,1.155984046192873,1.2455661296844482,1.0113286736292417,1.9934961976145103e-06,2.147980633107355e-06,1.7440377936513854e-06
2007-09-10 08:00:00,0.6851808336657098,1.1851341724395752,1.155984046192873,1.4321266063077889e-06,2.477101076098327e-06,2.416173114713609e-06
2007-09-10 08:30:00,1.1294021241702936,1.0929993391036987,0.6851808336657098,2.441120967357636e-06,2.3624389815577944e-06,1.4809687919807291e-06
2007-09-10 16:30:00,0.9448288059274329,1.2100943326950073,1.1294021241702936,2.629995084862408e-06,3.36837967602372e-06,3.1437674388911144e-06
2007-09-10 17:00:00,0.5792574615812226,1.1696621179580688,0.9448288059274329,5.026086174428317e-07,1.0148894040611807e-06,8.198066168557446e-07
2007-09-10 17:30:00,0.5134079192034852,0.9872121810913086,0.5792574615812226,4.3477721525205375e-07,8.360162492695568e-07,4.905416076381936e-07
2007-09-10 18:00:00,1.2213362160035777,0.9249297976493835,0.5134079192034852,6.225962019455146e-07,4.7149816040585886e-07,2.6171812180496506e-07
2007-09-10 18:30:00,0.6294610929058516,1.1271148920059204,1.2213362160035777,6.387149519946118e-07,1.143684879420577e-06,1.2392913737889806e-06
2007-09-10 19:00:00,0.7909070045163625,0.9739583730697632,0.6294610929058516,3.550473580040994e-07,4.3722124749147596e-07,2.8257240955813534e-07
2007-09-10 19:30:00,1.464247157128516,0.983410656452179,0.7909070045163625,6.230467334334338e-07,4.184476603852348e-07,3.3653609857771533e-07
2007-09-10 20:00:00,0.7244799231340949,1.1536202430725098,1.464247157128516,3.4553579093019817e-07,5.502113590653174e-07,6.983627612024923e-07
2007-09-10 20:30:00,0.9562283509638063,1.0533703565597534,0.7244799231340949,6.204052207313375e-07,6.834313874030256e-07,4.7004580670966033e-07
2007-09-10 21:00:00,0.3669716780523364,1.089824914932251,0.9562283509638063,2.069778741465016e-07,6.146786184747456e-07,5.393280275239033e-07
2007-09-10 21:30:00,0.8835419271657698,0.904715895652771,0.3669716780523364,5.028334915906629e-07,5.14883831453201e-07,2.0884764436913958e-07
2007-09-10 22:00:00,1.1955871802900375,1.015382170677185,0.8835419271657698,7.672528089366703e-07,6.516085446878854e-07,5.670017516136332e-07
2007-09-10 22:30:00,0.9908371641010786,1.1024905443191528,1.1955871802900375,4.717933800257388e-07,5.249578429192707e-07,5.692863947187758e-07
2007-09-10 23:00:00,1.2071240108670414,1.0824310779571533,0.9908371641010786,6.775452228738514e-07,6.075564725394585e-07,5.561458318606046e-07
2007-09-10 23:30:00,1.0894126019821444,1.1453639268875122,1.2071240108670414,5.601736406178016e-07,5.889436927657234e-07,6.207005964629335e-07
2007-09-11 00:00:00,0.8732506930814701,1.1702684164047241,1.0894126019821444,4.4233667227951306e-07,5.92788120396014e-07,5.518313915099174e-07
2007-09-11 00:30:00,1.4891934068234236,1.0531328916549683,0.8732506930814701,7.367521750697029e-07,5.210189254190294e-07,4.3202538002183366e-07
2007-09-11 01:00:00,0.6515227788807403,1.1993612051010132,1.4891934068234236,2.650094678508154e-07,4.878449150630732e-07,6.057353097418842e-07
2007-09-11 01:30:00,0.428592598915332,1.0052131414413452,0.6515227788807403,2.0592437262631047e-07,4.829712086277157e-07,3.130348490205051e-07
2007-09-11 02:00:00,0.8886405351414842,0.8454979062080383,0.428592598915332,5.591827237596774e-07,5.320349493749354e-07,2.6969462608022575e-07
2007-09-11 02:30:00,0.534695219640495,0.962455689907074,0.8886405351414842,5.593444723275045e-07,1.006824542721057e-06,9.296065365082988e-07
2007-09-11 03:00:00,0.5529581614701581,0.9220584630966187,0.534695219640495,6.475125016396042e-07,1.0797279499597028e-06,6.26126646478369e-07
2007-09-11 03:30:00,1.9225821031151131,0.9220584630966187,0.5529581614701581,4.545747258576456e-06,2.180112216834526e-06,1.3074125898382755e-06
2007-09-11 04:00:00,1.2064454283138921,1.2997305393218994,1.9225821031151131,2.1531860374232124e-06,2.319675290735428e-06,3.43130061507445e-06
2007-09-11 04:30:00,1.0391865343605589,1.147071123123169,1.2064454283138921,1.5933059194463415e-06,1.7587171793201731e-06,1.8497512995626991e-06
2007-09-11 05:00:00,1.055487180903194,1.0967597961425781,1.0391865343605589,1.3276991796698594e-06,1.379616074908008e-06,1.3071945677386888e-06
2007-09-11 05:30:00,0.7232554923752875,1.1257691383361816,1.055487180903194,9.719919939557302e-07,1.5129350568933166e-06,1.4184822657778994e-06
2007-09-11 06:00:00,0.5516048242708722,1.057864785194397,0.7232554923752875,7.048935694286408e-07,1.351841121756333e-06,9.242452625449359e-07
2007-09-11 06:30:00,0.3679128120686049,0.9908280968666077,0.5516048242708722,5.283354044438959e-07,1.4228630972350576e-06,7.921234280637442e-07
2007-09-11 07:00:00,1.3949899895081102,0.8116810917854309,0.3679128120686049,2.657738383812996e-06,1.546416826843357e-06,7.009484009817862e-07
2007-09-11 07:30:00,0.6414314436701606,1.0475716590881348,1.3949899895081102,1.140731276473184e-06,1.8630171122125962e-06,2.4808710690790348e-06
2007-09-11 08:00:00,1.1641838524590113,0.9275065660476685,0.6414314436701606,2.24151508291223e-06,1.7858175518451243e-06,1.2350096186301919e-06
2007-09-11 08:30:00,0.7025770586241993,1.040652871131897,1.1641838524590113,1.5406902698697848e-06,2.282061068154759e-06,2.5529537462203443e-06
2007-09-11 16:30:00,0.5404564687962556,0.9205877780914307,0.7025770586241993,1.4770918472979671e-06,2.5160078197780343e-06,1.920174713985365e-06
2007-09-11 17:00:00,0.7427880256890098,0.9506077766418457,0.5404564687962556,5.908121210946682e-07,7.561115384512117e-07,4.298780023986789e-07
2007-09-11 17:30:00,0.7446577993436211,0.9432847499847412,0.7427880256890098,5.648359963985108e-07,7.154980208557397e-07,5.63417740299974e-07
2007-09-11 18:00:00,0.27493533169724116,0.9504033327102661,0.7446577993436211,1.5821116440611654e-07,5.46908311111961e-07,4.2851232248311564e-07
2007-09-11 18:30:00,0.2273143406046278,0.8374793529510498,0.27493533169724116,2.0332652705781845e-07,7.491026209135669e-07,2.4592221507362004e-07
2007-09-11 19:00:00,0.4416063370582843,0.8245347738265991,0.2273143406046278,1.98242223618046e-07,3.701432549692196e-07,1.0204405272332795e-07
2007-09-11 19:30:00,0.7634653610195495,0.8283073902130127,0.4416063370582843,3.248594999532978e-07,3.5245020708323943e-07,1.879063820804939e-07
2007-09-11 20:00:00,0.9438617953179768,0.9469864368438721,0.7634653610195495,4.1008887432774884e-07,4.114464679207817e-07,3.3171026949264253e-07
2007-09-11 20:30:00,0.37465843388574527,1.0133062601089478,0.9438617953179768,2.3112950499718405e-07,6.251159806560003e-07,5.822751866947832e-07
2007-09-11 21:00:00,1.1912820860253441,0.8283073902130127,0.37465843388574527,6.35149705855007e-07,4.4162436539831503e-07,1.9975469863110667e-07
2007-09-11 21:30:00,1.303022454167479,1.0646027326583862,1.1912820860253441,6.926230838912027e-07,5.65890806758176e-07,6.332273627121751e-07
2007-09-11 22:00:00,0.634634706095128,1.0838543176651,1.303022454167479,4.329777567431848e-07,7.394565828057743e-07,8.889834321586366e-07
2007-09-11 22:30:00,0.6686385119603372,0.951874315738678,0.634634706095128,3.1770734754247925e-07,4.5228843184714254e-07,3.0155024804171663e-07
2007-09-11 23:00:00,0.26247723765678194,0.928216278553009,0.6686385119603372,1.4732554144104866e-07,5.209974283218914e-07,3.752993275999928e-07
2007-09-11 23:30:00,0.9053060769814448,0.8660045266151428,0.26247723765678194,4.916687388162327e-07,4.703241966846345e-07,1.4255052041291403e-07
2007-09-12 00:00:00,1.5992296454275594,0.9752247929573059,0.9053060769814448,8.100742721118865e-07,4.939906639169038e-07,4.5857401621212677e-07
2007-09-12 00:30:00,1.8623213885907028,1.1056561470031738,1.5992296454275594,1.0708307519461352e-06,6.357498821324475e-07,9.19553571278945e-07
2007-09-12 01:00:00,1.2225890399675583,1.2024980783462524,1.8623213885907028,4.923383667036144e-07,4.842477075313374e-07,7.499595045938607e-07
2007-09-12 01:30:00,0.8438587860861373,1.131350040435791,1.2225890399675583,4.054458512577256e-07,5.435757590940451e-07,5.874130390311703e-07
2007-09-12 02:00:00,0.9208766154522837,1.0529367923736572,0.8438587860861373,5.794674828705799e-07,6.625671913700592e-07,5.310035225852629e-07
2007-09-12 02:30:00,0.47046294976404157,1.0904500484466553,0.9208766154522837,4.92151118467713e-07,1.140719394046557e-06,9.633286882482648e-07
2007-09-12 03:00:00,0.6617972570406508,0.8576325178146362,0.47046294976404157,7.236247349394781e-07,9.37755629502364e-07,5.144152891237175e-07
2007-09-12 03:30:00,1.1388038467547017,0.9182248115539551,0.6617972570406508,2.692584340639499e-06,2.1710479428239836e-06,1.5647514153239953e-06
2007-09-12 04:00:00,0.5774077369306363,1.037207007408142,1.1388038467547017,1.0408396613072892e-06,1.8696773895600316e-06,2.0528166395075387e-06
2007-09-12 04:30:00,1.2894940584194594,0.9061672687530518,0.5774077369306363,2.0840608709374785e-06,1.4645338883121933e-06,9.331976857564255e-07
2007-09-12 05:00:00,1.0347093739820379,1.059081792831421,1.2894940584194594,1.3329272586141882e-06,1.3643241534907477e-06,1.661144494780784e-06
2007-09-12 05:30:00,0.7115212884695047,1.041321873664856,1.0347093739820379,9.562222523193309e-07,1.3994453343301068e-06,1.3905587142912796e-06
2007-09-12 06:00:00,0.6744200162474088,0.9882169365882874,0.7115212884695047,8.412308390737475e-07,1.2326421854716823e-06,8.875087276449665e-07
2007-09-12 06:30:00,0.49925295625578625,0.9661118984222412,0.6744200162474088,6.666954416175882e-07,1.2901323681709448e-06,9.006110929014576e-07
2007-09-12 07:00:00,1.260692994004667,0.8880100250244141,0.49925295625578625,2.4018754152865204e-06,1.6918388995395753e-06,9.511779690555261e-07
2007-09-12 07:30:00,0.8197593649481156,1.0462191104888916,1.260692994004667,1.4136762374576009e-06,1.8042064036264891e-06,2.174066933003535e-06
2007-09-12 08:00:00,0.4950639385664349,0.9331017136573792,0.8197593649481156,1.0347549192983183e-06,1.9503169453395663e-06,1.7134151155853125e-06
2007-09-12 08:30:00,0.46865067613868905,0.8176354169845581,0.4950639385664349,1.0277100964678497e-06,1.7930032240390087e-06,1.0856320794281733e-06
2007-09-12 16:30:00,0.7934688831781698,0.8176354169845581,0.46865067613868905,2.1250310358268444e-06,2.1897527098025617e-06,1.2551181941338022e-06
2007-09-12 17:00:00,0.6404204897012049,0.9331017136573792,0.7934688831781698,4.783578826506267e-07,6.969742024510611e-07,5.926763759281899e-07
2007-09-12 17:30:00,0.982243259668013,0.9228280186653137,0.6404204897012049,6.838134368731235e-07,6.424500172183703e-07,4.4584488801131045e-07
2007-09-12 18:00:00,0.8507745999196694,1.0039821863174438,0.982243259668013,4.895770917091973e-07,5.777401898828972e-07,5.65230553973559e-07
2007-09-12 18:30:00,0.45634400953466514,0.938368022441864,0.8507745999196694,3.6176942553215683e-07,7.438968263497101e-07,6.744566200926743e-07
2007-09-12 19:00:00,0.7360156272967072,0.8211255669593811,0.45634400953466514,3.076968771754876e-07,3.4327772855901644e-07,1.9077805068798108e-07
2007-09-12 19:30:00,0.3620818683134929,0.938368022441864,0.7360156272967072,1.473255414410487e-07,3.8180751116076264e-07,2.9947343484948456e-07
2007-09-12 20:00:00,0.9459951325667915,0.8211255669593811,0.3620818683134929,3.863599615718494e-07,3.3536117848226905e-07,1.4788018660084114e-07
2007-09-12 20:30:00,0.5707116526008298,1.0048776865005493,0.9459951325667915,3.165325627116423e-07,5.573331258793062e-07,5.246752230474274e-07
2007-09-12 21:00:00,0.43176006564106717,0.917362630367279,0.5707116526008298,2.3019928017790081e-07,4.891054870002946e-07,3.0428337883167846e-07
2007-09-12 21:30:00,0.5411594760849384,0.8164617419242859,0.43176006564106717,2.876539418059189e-07,4.339911777898631e-07,2.2950255938332984e-07
2007-09-12 22:00:00,0.5829860728076615,0.895793080329895,0.5411594760849384,3.74123869264077e-07,5.748637727467204e-07,3.4728218481578315e-07
2007-09-12 22:30:00,0.620397490573828,0.895793080329895,0.5829860728076615,2.878296639788416e-07,4.155977824272685e-07,2.7047286294689683e-07
2007-09-12 23:00:00,0.5683457375069578,0.9161067008972168,0.620397490573828,2.879077969507722e-07,4.640736168518001e-07,3.142757356259958e-07
2007-09-12 23:30:00,0.5659609926130499,0.9161067008972168,0.5683457375069578,2.879859937535216e-07,4.661556221817643e-07,2.891994574676018e-07
2007-09-13 00:00:00,0.7962542216682021,0.9161067008972168,0.5659609926130499,4.033348561778543e-07,4.640449675429371e-07,2.8668205372853977e-07
2007-09-13 00:30:00,0.40077287361482056,0.9255564212799072,0.7962542216682021,2.3044353152026843e-07,5.321929311662768e-07,4.578444473402544e-07
2007-09-13 01:00:00,0.5009200773193303,0.8014667630195618,0.40077287361482056,2.01721236371456e-07,3.227518194361978e-07,1.6139181324565991e-07
2007-09-13 01:30:00,0.5398524871813236,0.7938898205757141,0.5009200773193303,2.593810182791529e-07,3.8143743884099046e-07,2.406753007843785e-07
2007-09-13 02:00:00,0.3415038363145756,0.8607203364372253,0.5398524871813236,2.016527667629494e-07,5.082421302342928e-07,3.1877459667450084e-07
2007-09-13 02:30:00,0.7326796546209953,0.7572084665298462,0.3415038363145756,7.486287391395065e-07,7.736914980357012e-07,3.489377448644104e-07
2007-09-13 03:00:00,0.2601334996753254,0.9680487513542175,0.7326796546209953,2.5897053408428415e-07,9.637209450944298e-07,7.29404100997015e-07
2007-09-13 03:30:00,0.3711575661890177,0.6202890872955322,0.2601334996753254,9.500864742592448e-07,1.5878115540556505e-06,6.658878655793958e-07
2007-09-13 04:00:00,0.5748255557578925,0.589809238910675,0.3711575661890177,1.036185001514264e-06,1.0631947048839842e-06,6.690515051588629e-07
2007-09-13 04:30:00,0.6952556463075301,0.7179024815559387,0.5748255557578925,1.1236617015078486e-06,1.1602631754608391e-06,9.290244034457006e-07
2007-09-13 05:00:00,1.0746839969851913,0.7059396505355835,0.6952556463075301,1.3844231336816678e-06,9.094014481710765e-07,8.956381627260867e-07
2007-09-13 05:30:00,0.9999563559310329,0.7966040372848511,1.0746839969851913,1.0094579780648531e-06,8.041733981951169e-07,1.0848956839173768e-06
2007-09-13 06:00:00,0.6732164075085415,1.080713152885437,0.9999563559310329,7.785249062189054e-07,1.2497647065873057e-06,1.1563754530363678e-06
2007-09-13 06:30:00,0.3665304266760231,0.7456061840057373,0.6732164075085415,4.894596248597018e-07,9.956721094783674e-07,8.990038105616354e-07
2007-09-13 07:00:00,0.18605562948794588,0.6468061208724976,0.3665304266760231,3.54473646215171e-07,1.2322966238160457e-06,6.983146769072626e-07
2007-09-13 07:30:00,0.7752306334797537,0.6574880480766296,0.18605562948794588,1.3012278275275749e-06,1.1035964105079991e-06,3.122951443122997e-07
2007-09-13 08:00:00,0.7252677348144646,0.7390929460525513,0.7752306334797537,1.3964276890650717e-06,1.4230466972648183e-06,1.4926260607464071e-06
2007-09-13 08:30:00,0.7843585311423232,0.7390929460525513,0.7252677348144646,1.6953342085344423e-06,1.5974959218006268e-06,1.567613728107893e-06
2007-09-13 16:30:00,0.3659260850939839,0.7038888335227966,0.7843585311423232,9.664574133591163e-07,1.8590600917780596e-06,2.0715908158317533e-06
2007-09-13 17:00:00,0.45370632025869384,0.598631739616394,0.3659260850939839,3.2727381477612105e-07,4.3181345359838805e-07,2.639549427623492e-07
2007-09-13 17:30:00,0.7298932794448341,0.627092719078064,0.45370632025869384,4.989370604820147e-07,4.286651305304021e-07,3.101424607227029e-07
2007-09-13 18:00:00,2.790964708282712,0.7155993580818176,0.7298932794448341,1.4204310417570548e-06,3.641964868506941e-07,3.714712221965794e-07
2007-09-13 18:30:00,0.9668051169031642,1.3253780603408813,2.790964708282712,7.664405019806416e-07,1.0507013338279008e-06,2.2125538587118494e-06
2007-09-13 19:00:00,0.8320546023464145,0.989576518535614,0.9668051169031642,3.1841693439522775e-07,3.7869861003476044e-07,3.69984278211777e-07
2007-09-13 19:30:00,2.128430734458691,0.9429922699928284,0.8320546023464145,8.338710161956224e-07,3.6944304069332063e-07,3.2598017194358226e-07
2007-09-13 20:00:00,0.7902656854087747,1.3827046155929565,2.128430734458691,3.133814228580308e-07,5.483142540888008e-07,8.440334236129822e-07
2007-09-13 20:30:00,1.8608721508540373,1.0515422821044922,0.7902656854087747,8.849420438664415e-07,5.000633578778955e-07,3.758126696249376e-07
2007-09-13 21:00:00,0.7924650819068019,1.3340414762496948,1.8608721508540373,3.993837123802142e-07,6.723254429984385e-07,9.378356786204036e-07
2007-09-13 21:30:00,0.8335722250678016,0.9771759510040283,0.7924650819068019,4.277872210562298e-07,5.014843009302408e-07,4.06691136026556e-07
2007-09-13 22:00:00,0.4585802815920263,0.9771759510040283,0.8335722250678016,2.8512406144751256e-07,6.075629220947921e-07,5.182767507928196e-07
2007-09-13 22:30:00,0.28505316889710264,0.81329345703125,0.4585802815920263,1.2648225030011011e-07,3.608701737913358e-07,2.034787621671909e-07
2007-09-13 23:00:00,0.25477551933736303,0.7516857385635376,0.28505316889710264,1.1439312694350918e-07,3.375037065443597e-07,1.2798766310085514e-07
2007-09-13 23:30:00,0.23348878870045167,0.7377117276191711,0.25477551933736303,1.1402632633405407e-07,3.6026808251543126e-07,1.244218905395095e-07
2007-09-14 00:00:00,1.0584719616959948,0.7083994150161743,0.23348878870045167,4.835923794040418e-07,3.236519918082582e-07,1.0667585252886368e-07
2007-09-14 00:30:00,1.4692649623979197,0.8926925659179688,1.0584719616959948,7.26892928642092e-07,4.41643903736811e-07,5.236603361636328e-07
2007-09-14 01:00:00,1.3780117982841618,0.9418332576751709,1.4692649623979197,5.034062146388678e-07,3.440643365010444e-07,5.367422208889779e-07
2007-09-14 01:30:00,0.958048567765936,0.9647462368011475,1.3780117982841618,4.476562039426577e-07,4.5078574580143695e-07,6.438875348945713e-07
2007-09-14 02:00:00,0.8721312631401277,0.9725582003593445,0.958048567765936,5.028922325064031e-07,5.60800862544629e-07,5.524342532552491e-07
2007-09-14 02:30:00,0.2294763189716597,0.9405851364135742,0.8721312631401277,2.232629059265989e-07,9.151173932374073e-07,8.485170105162242e-07
2007-09-14 03:00:00,0.7521480971487668,0.7771525979042053,0.2294763189716597,6.981210763506875e-07,7.213294964040931e-07,2.129929669499682e-07
2007-09-14 03:30:00,0.6702925677497414,0.8819866180419922,0.7521480971487668,1.5643615746572323e-06,2.058423501932541e-06,1.7554000122382227e-06
2007-09-14 04:00:00,0.9262549314581495,0.8679050207138062,0.6702925677497414,1.538721053814107e-06,1.441788521418136e-06,1.113509090405579e-06
2007-09-14 04:30:00,0.3898771445447142,0.9464075565338135,0.9262549314581495,5.88849059044422e-07,1.4294020743079286e-06,1.398964654522941e-06
2007-09-14 05:00:00,0.6306040778924397,0.7797297239303589,0.3898771445447142,8.123530973545516e-07,1.0044588649841817e-06,5.022452550848688e-07
2007-09-14 05:30:00,1.0054479868382074,0.8600212335586548,0.6306040778924397,1.0101508554634998e-06,8.640438850824865e-07,6.335536567585009e-07
2007-09-14 06:00:00,1.2951014047811877,0.9403026103973389,1.0054479868382074,1.3835556472245486e-06,1.0045244194102507e-06,1.074119165530197e-06
2007-09-14 06:30:00,0.8042132882526374,0.9723811149597168,1.2951014047811877,9.55513243530002e-07,1.1553191754904227e-06,1.538754161438312e-06
2007-09-14 07:00:00,0.817706013939717,0.8780909180641174,0.8042132882526374,1.5071654839226895e-06,1.618464706008375e-06,1.4822961909336047e-06
2007-09-14 07:30:00,1.3502170658529895,0.9063329100608826,0.817706013939717,2.113111651662643e-06,1.4184257338838026e-06,1.27972320109807e-06
2007-09-14 08:00:00,1.592762136909944,1.0469868183135986,1.3502170658529895,2.751690089553899e-06,1.8087969227071044e-06,2.3326640135119475e-06
2007-09-14 08:30:00,1.118346387444018,1.1251335144042969,1.592762136909944,2.4051806887104706e-06,2.4197774781130797e-06,3.4254867511670535e-06
2007-09-14 16:30:00,0.6105320807754958,1.0808898210525513,1.118346387444018,1.5367823979183904e-06,2.720729185881282e-06,2.8150118513290203e-06
2007-09-14 17:00:00,1.0971768290043995,0.9187741279602051,0.6105320807754958,7.356796677201243e-07,6.160569812442696e-07,4.093743382504405e-07
2007-09-14 17:30:00,0.4398319727195888,1.0775710344314575,1.0971768290043995,2.930951640920432e-07,7.180716244993769e-07,7.311365309498564e-07
2007-09-14 18:00:00,0.2240470978582737,0.8438196778297424,0.4398319727195888,1.1402632633405407e-07,4.294528198360121e-07,2.238476844060694e-07
2007-09-14 18:30:00,0.07932983725284867,0.7679876089096069,0.2240470978582737,6.185814483181648e-08,5.988451556953747e-07,1.747027134858717e-07
2007-09-14 19:00:00,0.28744574307027915,0.871212363243103,0.07932983725284867,1.0377904884809057e-07,3.1454141375111864e-07,2.8641144472825197e-08
2007-09-14 19:30:00,0.8095730372812446,0.7658339142799377,0.28744574307027915,3.294028132617461e-07,3.116060370565786e-07,1.1695725038650146e-07
2007-09-14 20:00:00,0.2956044729908614,0.8114190697669983,0.8095730372812446,1.0817582910130886e-07,2.9693708533081435e-07,2.962615336631624e-07
2007-09-16 18:30:00,1.3659569337942257,0.7081969380378723,0.2956044729908614,9.771076568342857e-07,5.065933146085886e-07,2.114542463293695e-07
2007-09-16 19:00:00,2.5989664540576216,0.9754693508148193,1.3659569337942257,9.21878870613924e-07,3.4600853814164916e-07,4.845183105258967e-07
2007-09-16 19:30:00,0.9973233634463367,1.20162034034729,2.5989664540576216,3.907287341272761e-07,4.7076766843509953e-07,1.0182162675143534e-06
2007-09-16 20:00:00,1.1021843736000625,1.0849690437316895,0.9973233634463367,3.631241282667388e-07,3.5745238967108197e-07,3.285767659439827e-07
2007-09-16 20:30:00,0.9410249561813577,1.1011106967926025,1.1021843736000625,4.475065886016253e-07,5.236357318237272e-07,5.241463213061964e-07
2007-09-16 21:00:00,1.8764524646014975,1.0889984369277954,0.9410249561813577,8.394877340186852e-07,4.871963704982817e-07,4.2099596074099774e-07
2007-09-16 21:30:00,0.9964956726622296,1.2911608219146729,1.8764524646014975,5.039398793638456e-07,6.529555989908981e-07,9.48944641291779e-07
2007-09-16 22:00:00,0.8840159911733988,1.0650944709777832,0.9964956726622296,5.319833387435084e-07,6.409527863810684e-07,5.99671386354287e-07
2007-09-16 22:30:00,0.6272013032635926,0.9964833855628967,0.8840159911733988,2.5197927136049655e-07,4.003390237080758e-07,3.5515504219748713e-07
2007-09-16 23:00:00,0.9428530340496978,0.9476458430290222,0.6272013032635926,3.920187759995177e-07,3.9401152676959714e-07,2.6077731982748845e-07
2007-09-16 23:30:00,0.5065618409657007,1.0168921947479248,0.9428530340496978,2.2402947212145642e-07,4.497255876192856e-07,4.1698140369907876e-07
2007-09-17 00:00:00,0.18385513879530732,0.8190356492996216,0.5065618409657007,8.399933796377619e-08,3.741992351189902e-07,2.3143687773777143e-07
2007-09-17 00:30:00,0.5665773483680445,0.7676997780799866,0.18385513879530732,2.803041511215049e-07,3.798059262882723e-07,9.095908750638594e-08
2007-09-17 01:00:00,0.38346905353601546,0.8849120140075684,0.5665773483680445,1.4008639469711397e-07,3.2327024181845626e-07,2.0697831368151253e-07
2007-09-17 01:30:00,0.2477853615321063,0.7841602563858032,0.38346905353601546,1.1208037257414361e-07,3.5469800617002454e-07,1.7345396889154757e-07
2007-09-17 02:00:00,0.44459873607227685,0.712277889251709,0.2477853615321063,2.520729981338425e-07,4.0383835688398165e-07,1.4048622703444262e-07
2007-09-17 02:30:00,1.1019429512274905,0.7200397253036499,0.44459873607227685,9.510998245569462e-07,6.214746921766492e-07,3.8373835905529166e-07
2007-09-17 03:00:00,0.4096338984170943,0.9572010040283203,1.1019429512274905,3.355480386800142e-07,7.840828621981054e-07,9.026469670856245e-07
2007-09-17 03:30:00,1.4334817864622968,0.7841602563858032,0.4096338984170943,2.975637723012708e-06,1.6277687389021354e-06,8.5032268443595e-07
2007-09-17 04:00:00,3.339999896086266,0.9853956699371338,1.4334817864622968,5.299754280780461e-06,1.5635793660147382e-06,2.2745812786181484e-06
2007-09-17 04:30:00,1.0112900653993389,1.4793440103530884,3.339999896086266,1.4010669247868295e-06,2.0495207400942518e-06,4.62732063065412e-06
2007-09-17 05:00:00,1.1600343219001914,1.1156179904937744,1.0112900653993389,1.439717692871753e-06,1.3845926185778081e-06,1.255111312047999e-06
2007-09-17 05:30:00,0.5904216212350752,1.1443161964416504,1.1600343219001914,5.931832512294148e-07,1.1496686053261542e-06,1.1654602505291624e-06
2007-09-17 06:00:00,2.259126092773252,1.0647552013397217,0.5904216212350752,2.413422340451286e-06,1.1374770085854219e-06,6.307468784201318e-07
2007-09-17 06:30:00,1.1685425188731606,1.4248526096343994,2.259126092773252,1.270902212424477e-06,1.5496640513426677e-06,2.457016585258749e-06
2007-09-17 07:00:00,1.147698880067275,1.141343116760254,1.1685425188731606,1.9284904430003e-06,1.9178107873794427e-06,1.9635142274899602e-06
2007-09-17 07:30:00,0.8330574707148032,1.141343116760254,1.147698880067275,1.303748480441534e-06,1.7862205267324343e-06,1.7961673996011989e-06
2007-09-17 08:00:00,0.5550110947311805,1.0088951587677002,0.8330574707148032,9.588490921357203e-07,1.742988953244407e-06,1.4392079853442492e-06
2007-09-17 08:30:00,0.5078256739846004,0.9937018752098083,0.5550110947311805,1.0921593864050295e-06,2.137112961979906e-06,1.193639092552007e-06
2007-09-17 16:30:00,0.6697393005491036,0.829005777835846,0.5078256739846004,1.5167169294712497e-06,1.8773978126148836e-06,1.150041212037429e-06
2007-09-17 17:00:00,0.6271932950987972,0.8850493431091309,0.6697393005491036,4.2054602570605577e-07,5.934438182086589e-07,4.490739988869171e-07
2007-09-17 17:30:00,0.6234195718655884,0.8781076669692993,0.6271932950987972,3.870179673369388e-07,5.451279679212756e-07,3.893606892547607e-07
2007-09-17 18:00:00,0.12436944810127931,0.8781076669692993,0.6234195718655884,5.013934095395648e-08,3.540076793828281e-07,2.513305876028631e-07
2007-09-17 18:30:00,0.529191094182969,0.788162350654602,0.12436944810127931,3.7854536791171443e-07,5.6379483759708e-07,8.896498638391262e-08
2007-09-17 19:00:00,0.5279428811526045,0.8349325060844421,0.529191094182969,1.8726651368114717e-07,2.961587420823684e-07,1.8770926707525945e-07
2007-09-17 19:30:00,0.7472862223416037,0.8349325060844421,0.5279428811526045,2.892944294800322e-07,3.23224643758543e-07,2.0438077142986578e-07
2007-09-17 20:00:00,1.5190718053916397,0.8796900510787964,0.7472862223416037,5.00471280776457e-07,2.8982145872703266e-07,2.461998777638302e-07
2007-09-17 20:30:00,0.9945191530020134,0.991218626499176,1.5190718053916397,4.510733015159134e-07,4.495763173885774e-07,6.889889776676416e-07
2007-09-17 21:00:00,0.6303814824055882,0.9752870798110962,0.9945191530020134,2.8202021219034324e-07,4.363241574692349e-07,4.4492820678468254e-07
2007-09-17 21:30:00,1.1217346749860453,0.8756691813468933,0.6303814824055882,5.646663000261304e-07,4.408002067727933e-07,3.1732564501438715e-07
2007-09-17 22:00:00,0.7517563028276706,1.038718581199646,1.1217346749860453,4.523920742303585e-07,6.25080297595114e-07,6.750377408799497e-07
2007-09-17 22:30:00,1.8427280942207207,0.9500985741615295,0.7517563028276706,6.781366989197929e-07,3.496428543912612e-07,2.7665152508964897e-07
2007-09-17 23:00:00,1.7240758042526199,1.1300078630447388,1.8427280942207207,6.776241271118327e-07,4.441339469740633e-07,7.242587670859772e-07
2007-09-17 23:30:00,0.9557924974877053,1.1673792600631714,1.7240758042526199,3.666982870185205e-07,4.478754291243214e-07,6.61457006380871e-07
2007-09-18 00:00:00,1.401365820724776,1.0963997840881348,0.9557924974877053,5.925475877701171e-07,4.6359704060507026e-07,4.041432511192561e-07
2007-09-18 00:30:00,0.5412487486236556,1.1382126808166504,1.401365820724776,2.2572609736887303e-07,4.7468803774574903e-07,5.844352314951593e-07
2007-09-18 01:00:00,1.2012701194235842,0.9774099588394165,0.5412487486236556,4.233999770175796e-07,3.4449816691348036e-07,1.907686739415541e-07
2007-09-18 01:30:00,0.19641481419556386,1.0777968168258667,1.2012701194235842,8.464965300755014e-08,4.645022674619229e-07,5.177160347808499e-07
2007-09-18 02:00:00,1.1609435385853852,0.7815299034118652,0.19641481419556386,6.497430029207761e-07,4.373973147169225e-07,1.0992709546327845e-07
2007-09-18 02:30:00,0.786812300381439,0.9865418672561646,1.1609435385853852,6.791068811851254e-07,8.514958018654388e-07,1.002023920239342e-06
2007-09-18 03:00:00,0.46974798550006946,0.8817307353019714,0.786812300381439,3.393582614146792e-07,6.369854019691575e-07,5.684138358419634e-07
2007-09-18 03:30:00,0.7069182709632151,0.7864252924919128,0.46974798550006946,1.4674289509854116e-06,1.6324705264971902e-06,9.751081870477593e-07
2007-09-18 04:00:00,0.2843639919823656,0.8724564909934998,0.7069182709632151,4.5121536847180743e-07,1.3843728044289964e-06,1.1217045656466262e-06
2007-09-18 04:30:00,0.5745820699069054,0.7736685276031494,0.2843639919823656,7.884798074643643e-07,1.0616795121793585e-06,3.902232203040748e-07
2007-09-18 05:00:00,0.5448115807350317,0.8540738821029663,0.5745820699069054,6.761652282673923e-07,1.059990429480672e-06,7.13113359177851e-07
2007-09-18 05:30:00,1.9684447989908254,0.8540738821029663,0.5448115807350317,1.9407771149197574e-06,8.420693563192156e-07,5.371539239382732e-07
2007-09-18 06:00:00,0.6579933085624986,1.038633942604065,1.9684447989908254,7.029336502429478e-07,1.1095716917485233e-06,2.1028877799369582e-06
2007-09-18 06:30:00,1.2155524239079392,0.8662019371986389,0.6579933085624986,1.322029998833291e-06,9.420777940144518e-07,7.156309146705095e-07
2007-09-18 07:00:00,0.5014464845263561,1.0394012928009033,1.2155524239079392,8.425857774022491e-07,1.7465168733903459e-06,2.042505463048723e-06
2007-09-18 07:30:00,0.5415086511508609,0.876721203327179,0.5014464845263561,7.843796814069081e-07,1.2699377871192492e-06,7.26349307512392e-07
2007-09-18 08:00:00,1.1062572098467214,0.9286351799964905,0.5415086511508609,1.7193165259395793e-06,1.4432609318388649e-06,8.415988294367137e-07
2007-09-18 08:30:00,3.5120516608741243,0.9927170872688293,1.1062572098467214,7.414456491691563e-06,2.0957714643302104e-06,2.335471326463098e-06
2007-09-18 16:30:00,0.7602096407849734,1.45209538936615,3.5120516608741243,1.3918729375445276e-06,2.658651201930243e-06,6.430238975898066e-06
2007-09-18 17:00:00,0.9133992246081187,1.0204241275787354,0.7602096407849734,5.773573118765787e-07,6.450074790961509e-07,4.805265680563514e-07
2007-09-18 17:30:00,0.552621641990778,1.077562928199768,0.9133992246081187,3.24711640464634e-07,6.331587464782284e-07,5.366987792102728e-07
2007-09-18 18:00:00,4.895022958699055,1.062032699584961,0.552621641990778,1.4989983509698857e-06,3.2522529082826865e-07,1.6922881405128364e-07
2007-09-18 18:30:00,0.7377269305264428,1.7595494985580444,4.895022958699055,5.277169540535697e-07,1.2586555586671169e-06,3.5015484712528974e-06
2007-09-18 19:00:00,2.0471830326314113,1.1438921689987183,0.7377269305264428,7.261558836651268e-07,4.0574976226194507e-07,2.616789718364389e-07
2007-09-18 19:30:00,1.3415289445373813,1.4048677682876587,2.0471830326314113,4.862041532250499e-07,5.091597512337042e-07,7.419511125199655e-07
2007-09-18 20:00:00,1.7881162220828046,1.3001188039779663,1.3415289445373813,5.891102794921679e-07,4.283353299554231e-07,4.419782571754174e-07
2007-09-18 20:30:00,1.2306319480156969,1.488839030265808,1.7881162220828046,5.581644295806502e-07,6.752766246688759e-07,8.110165453871555e-07
2007-09-18 21:00:00,0.8913626667735524,1.1909557580947876,1.2306319480156969,3.987780343146054e-07,5.328100602281042e-07,5.505604031755195e-07
2007-09-18 21:30:00,1.531523112673544,1.1183900833129883,0.8913626667735524,7.709483434205428e-07,5.629826771095555e-07,4.487000983853048e-07
2007-09-18 22:00:00,0.5723629928459657,1.1909557580947876,1.531523112673544,3.189807911575231e-07,6.637256683241216e-07,8.535255777588535e-07
2007-09-18 22:30:00,1.156837112067888,1.0341160297393799,0.5723629928459657,4.257240679327582e-07,3.8056185983535976e-07,2.106335447805492e-07
2007-09-18 23:00:00,0.6095911514159406,1.109419345855713,1.156837112067888,2.3959136300992845e-07,4.3604191531610003e-07,4.54678811884025e-07
2007-09-18 23:30:00,1.0880130764796225,0.9760796427726746,0.6095911514159406,3.9960285761834606e-07,3.584922120394757e-07,2.238891897079419e-07
2007-09-19 00:00:00,1.3844130317113448,1.102134108543396,1.0880130764796225,5.853793422718154e-07,4.6602171806844585e-07,4.6005084068406245e-07
2007-09-19 00:30:00,0.6103805217091994,1.106157660484314,1.3844130317113448,2.392962700637511e-07,4.336629247524562e-07,5.427513869356513e-07
2007-09-19 01:00:00,1.2815842001385473,0.9960774183273315,0.6103805217091994,4.5170749868075084e-07,3.510777045131939e-07,2.1513487656519788e-07
2007-09-19 01:30:00,0.9072200485869988,1.1014326810836792,1.2815842001385473,3.718410980604373e-07,4.5144277643742103e-07,5.25281244587405e-07
2007-09-19 02:00:00,1.3765964664400188,1.021479606628418,0.9072200485869988,7.704370558836468e-07,5.71689496495068e-07,5.077420727946067e-07
2007-09-19 02:30:00,2.2135677173530635,1.1014326810836792,1.3765964664400188,1.6954740560476238e-06,8.436383132174568e-07,1.0543990031110557e-06
2007-09-19 03:00:00,2.7159203124904243,1.3192594051361084,2.2135677173530635,1.927419092377548e-06,9.362446142340369e-07,1.5709123206139448e-06
2007-09-19 03:30:00,1.1027434961366993,1.6571180820465088,2.7159203124904243,2.05771629106349e-06,3.092177723640174e-06,5.06789973536059e-06
2007-09-19 04:00:00,1.0905680303981147,1.2713900804519653,1.1027434961366993,1.611478714748036e-06,1.8786705603704603e-06,1.6294698013496767e-06
2007-09-19 04:30:00,2.0098452108450813,1.331689476966858,1.0905680303981147,2.640888979003549e-06,1.74980841519534e-06,1.4329805483482998e-06
2007-09-19 05:00:00,0.8198410249216105,1.4378952980041504,2.0098452108450813,1.0095142204187156e-06,1.7705575918784863e-06,2.474830192088231e-06
2007-09-19 05:30:00,2.0387910010119654,1.1604918241500854,0.8198410249216105,2.0101345584579986e-06,1.144180408572619e-06,8.083176626827197e-07
2007-09-19 06:00:00,1.4193637608143068,1.3588767051696777,2.0387910010119654,1.3723495031657303e-06,1.3138659888943494e-06,1.9712591617051876e-06
2007-09-19 06:30:00,0.5737157184421867,1.2642475366592407,1.4193637608143068,6.239709416598623e-07,1.3749906104758754e-06,1.543694401119032e-06
2007-09-19 07:00:00,0.5321033808462675,1.1489976644515991,0.5737157184421867,8.274711386493626e-07,1.7868001593921695e-06,8.92182263614579e-07
2007-09-19 07:30:00,0.831986691746023,0.9960835576057434,0.5321033808462675,1.1304306005568857e-06,1.353391040265377e-06,7.229754397946723e-07
2007-09-19 08:00:00,6.366421929267246,1.0091971158981323,0.831986691746023,9.894529352364569e-06,1.5684682222632767e-06,1.2930523351607653e-06
2007-09-19 08:30:00,0.2625292358239841,1.4674739837646484,6.366421929267246,5.542377461297057e-07,3.0980529490856616e-06,1.3440451041245341e-05
2007-09-19 16:30:00,0.8178596860236691,1.1934489011764526,0.2625292358239841,1.4974247926000657e-06,2.185093609408212e-06,4.806665412455678e-07
2007-09-19 17:00:00,1.556738094438457,1.315717101097107,0.8178596860236691,9.48256208325595e-07,8.014430391166928e-07,4.981830454215982e-07
2007-09-19 17:30:00,1.1997964781126846,1.3753595352172852,1.556738094438457,7.049812259038554e-07,8.081392710214087e-07,9.147144121933162e-07
2007-09-19 18:00:00,0.8046243532260625,1.3753595352172852,1.1997964781126846,3.243830008267382e-07,5.544739622417384e-07,4.836960009861882e-07
2007-09-19 18:30:00,0.44388985977003226,1.0547645092010498,0.8046243532260625,2.89178942330941e-07,6.871427190001463e-07,5.241850299535472e-07
2007-09-19 19:00:00,1.1939843458700559,0.9423630833625793,0.44388985977003226,4.2351794829168203e-07,3.3426542064143507e-07,1.5745208329368372e-07
2007-09-19 19:30:00,0.6333444088105795,1.1785144805908203,1.1939843458700559,2.4518451422414815e-07,4.5623439065711354e-07,4.6222318814365895e-07
2007-09-19 20:00:00,1.4905601551888974,1.001476764678955,0.6333444088105795,5.281501195671689e-07,3.5485322156749907e-07,2.2441289878576852e-07
2007-09-19 20:30:00,0.7574952551435286,1.1412919759750366,1.4905601551888974,3.435689343828443e-07,5.176434642235976e-07,6.760572566949517e-07
2007-09-19 21:00:00,1.112379667911664,1.0171691179275513,0.7574952551435286,4.4929171627308565e-07,4.108360408920579e-07,3.059534015855291e-07
2007-09-19 21:30:00,0.7829129925940596,1.1635090112686157,1.112379667911664,3.9636164493590033e-07,5.890441849434071e-07,5.631591749497594e-07
2007-09-19 22:00:00,0.41079765194467965,1.035385012626648,0.7829129925940596,2.112051174576703e-07,5.32326833346095e-07,4.0252233618470674e-07
2007-09-19 22:30:00,1.1919190282279544,0.8912602663040161,0.41079765194467965,4.7551196679276083e-07,3.555651953845726e-07,1.6388629999512352e-07
2007-09-19 23:00:00,1.6142677144172635,1.088314414024353,1.1919190282279544,6.34465577562582e-07,4.277469140321052e-07,4.6846727336393117e-07
2007-09-19 23:30:00,1.0798197935245566,1.2095394134521484,1.6142677144172635,3.965936481217896e-07,4.4423676191593004e-07,5.928844106629229e-07
2007-09-20 00:00:00,0.5627260693871097,1.146409034729004,1.0798197935245566,2.379407076007018e-07,4.847427403183059e-07,4.565864276242153e-07
2007-09-20 00:30:00,1.3492970557968418,1.0536242723464966,0.5627260693871097,5.021788757990633e-07,3.921359276138785e-07,2.0943434486393242e-07
2007-09-20 01:00:00,0.8679970733457719,1.1611241102218628,1.3492970557968418,3.170909868512647e-07,4.241742296985598e-07,4.929163336103668e-07
2007-09-20 01:30:00,1.427970815851385,1.0648442506790161,0.8679970733457719,5.549715395842456e-07,4.1384476955463876e-07,3.373413985790144e-07
2007-09-20 02:00:00,0.7451403543726344,1.1372524499893188,1.427970815851385,4.224703039342176e-07,6.447850869671891e-07,8.096129286808667e-07
2007-09-20 02:30:00,0.9991243413301,1.0449715852737427,0.7451403543726344,7.652756164679214e-07,8.003921444324167e-07,5.707375153011538e-07
2007-09-20 03:00:00,3.3111366034373657,1.111303448677063,0.9991243413301,2.3498288508631738e-06,7.8866359758585e-07,7.09052957954033e-07
2007-09-20 03:30:00,0.8635554394694318,1.5289087295532227,3.3111366034373657,1.6113920438053212e-06,2.8529394291352542e-06,6.178571675733638e-06
2007-09-20 04:00:00,1.3936381041313273,1.191879391670227,0.8635554394694318,2.059310449481633e-06,1.7611815280540145e-06,1.2760333797808725e-06
2007-09-20 04:30:00,0.5036128030317176,1.260138750076294,1.3936381041313273,6.617352888844252e-07,1.6557924556252337e-06,1.8312074432698744e-06
2007-09-20 05:00:00,0.7342679825273415,1.1029051542282104,0.5036128030317176,8.999858319252997e-07,1.351821182977723e-06,6.172737996074277e-07
2007-09-20 05:30:00,1.6919317056891863,1.1767940521240234,0.7342679825273415,1.66815058064731e-06,1.160253498857012e-06,7.239474012367296e-07
2007-09-20 06:00:00,1.461014246104014,1.2800970077514648,1.6919317056891863,1.5608001839935054e-06,1.3675264635891716e-06,1.8074890950489219e-06
2007-09-20 06:30:00,0.6708481565243652,1.2014153003692627,1.461014246104014,6.98561437474075e-07,1.2510467399619628e-06,1.5213699285040123e-06
2007-09-20 07:00:00,0.3505398984733742,1.0706850290298462,0.6708481565243652,5.374126030680668e-07,1.6414668658912837e-06,1.0284770881468066e-06
2007-09-20 07:30:00,0.5730770371124349,0.938647449016571,0.3505398984733742,7.786468529548652e-07,1.275351889675299e-06,4.762828923607001e-07
2007-09-20 08:00:00,0.665135555057842,1.038623332977295,0.5730770371124349,1.1072783098323396e-06,1.729038659783447e-06,9.540247371115186e-07
2007-09-20 08:30:00,5.064739660146892,1.0039904117584229,0.665135555057842,9.545332979465992e-06,1.8921846790733893e-06,1.2535570978044901e-06
2007-09-20 16:30:00,0.9818595550130413,1.5218130350112915,5.064739660146892,1.4990537454117065e-06,2.3234275394098828e-06,7.732589572831085e-06
2007-09-20 17:00:00,0.6536394643689031,1.2084742784500122,0.9818595550130413,3.981515466916149e-07,7.36118195627107e-07,5.980803206853946e-07
2007-09-20 17:30:00,1.6640648890645775,1.2137815952301025,0.6536394643689031,9.777779205700656e-07,7.131986571013158e-07,3.8406809762834635e-07
2007-09-20 18:00:00,0.6870728399889025,1.4469337463378906,1.6640648890645775,2.2024211265097516e-07,4.6381653678028444e-07,5.334182133612105e-07
2007-09-20 18:30:00,1.348337459067243,1.2874820232391357,0.6870728399889025,8.78395376096801e-07,8.387501574000333e-07,4.4760427119295135e-07
2007-09-20 19:00:00,1.2793624424560797,1.1455081701278687,1.348337459067243,4.538023958392859e-07,4.063229736989477e-07,4.782685101728517e-07
2007-09-20 19:30:00,0.7586981906344826,1.1740796566009521,1.2793624424560797,2.9371230680444974e-07,4.545175519979274e-07,4.952753266730565e-07
2007-09-20 20:00:00,2.282325573809042,1.0554711818695068,0.7586981906344826,8.086963283583092e-07,3.739850612291701e-07,2.6882949923494734e-07
2007-09-20 20:30:00,1.9475334504043424,1.4164844751358032,2.282325573809042,8.792465338128959e-07,6.394955961882754e-07,1.0303940347661278e-06
2007-09-20 21:00:00,0.5936876927586927,1.3519304990768433,1.9475334504043424,2.3979129617725413e-07,5.460466347362255e-07,7.86611506549846e-07
2007-09-20 21:30:00,0.6882349695365587,1.1624999046325684,0.5936876927586927,3.4644832014454737e-07,5.851869738606128e-07,2.9885447986643683e-07
2007-09-20 22:00:00,0.9768881916663101,1.1156271696090698,0.6882349695365587,4.798871662791017e-07,5.480413885794488e-07,3.380889768989038e-07
2007-09-20 22:30:00,0.7344729273159731,1.1799999475479126,0.9768881916663101,2.930154297001966e-07,4.7075689085026624e-07,3.897261595416286e-07
2007-09-20 23:00:00,1.015977865237949,1.0625780820846558,0.7344729273159731,3.9931603494386334e-07,4.176316050516757e-07,2.886744161899009e-07
2007-09-20 23:30:00,0.5072867193871767,1.0376746654510498,1.015977865237949,1.8631506098699767e-07,3.8111468561946723e-07,3.731459363886377e-07
2007-09-21 00:00:00,1.1255683784791586,0.9040640592575073,0.5072867193871767,4.525403003459057e-07,3.634833997923179e-07,2.0395711956935798e-07
2007-09-21 00:30:00,1.288326338877159,1.0921987295150757,1.1255683784791586,4.794869074531401e-07,4.064924975420892e-07,4.1891195160566913e-07
2007-09-21 01:00:00,0.9068592703608584,1.113771915435791,1.288326338877159,3.196318530033922e-07,3.9256033740739137e-07,4.540838346445117e-07
2007-09-21 01:30:00,1.3712755296395536,1.0390359163284302,0.9068592703608584,5.329372865540884e-07,4.038145288174637e-07,3.524449378598434e-07
2007-09-21 02:00:00,1.4283570468404816,1.1696908473968506,1.3712755296395536,7.99405798828113e-07,6.546385921598206e-07,7.674590975763043e-07
2007-09-21 02:30:00,1.2317947346049936,1.2245972156524658,1.4283570468404816,9.324097069663977e-07,9.269615293204984e-07,1.081197977287184e-06
2007-09-21 03:00:00,0.8627406166167363,1.2225120067596436,1.2317947346049936,6.122649212457477e-07,8.675854632600289e-07,8.741731774857332e-07
2007-09-21 03:30:00,0.3133461551968735,1.0783096551895142,0.8627406166167363,5.847030524773883e-07,2.012122811939452e-06,1.6098715866326456e-06
2007-09-21 04:00:00,1.6472491149288557,0.939295768737793,0.3133461551968735,2.594581890306538e-06,1.4794846566445978e-06,4.935514927905141e-07
2007-09-21 04:30:00,1.3174200916183327,1.2423808574676514,1.6472491149288557,1.6137735423920768e-06,1.5218542438447338e-06,2.017797554715812e-06
2007-09-21 05:00:00,1.508571432122347,1.1640782356262207,1.3174200916183327,1.7698216441771323e-06,1.3656700723998118e-06,1.5455672452577974e-06
2007-09-21 05:30:00,0.7727775238034476,1.1783790588378906,1.508571432122347,7.656100014592385e-07,1.16744957658199e-06,1.4945794109849379e-06
2007-09-21 06:00:00,0.948613768926199,1.0436350107192993,0.7727775238034476,1.055905658356371e-06,1.1616741704315835e-06,8.601816532331693e-07
2007-09-21 06:30:00,1.7763312819578359,1.1825860738754272,0.948613768926199,1.8497129666176008e-06,1.2314396628639118e-06,9.878017724040919e-07
2007-09-21 07:00:00,0.7965388357112027,1.3227155208587646,1.7763312819578359,1.221173427072466e-06,2.0278547300293573e-06,2.7232929041904955e-06
2007-09-21 07:30:00,0.7040483167588418,1.0627607107162476,0.7965388357112027,9.565991492778783e-07,1.4439861122561916e-06,1.0822671604641102e-06
2007-09-21 08:00:00,0.46438472044536816,1.0545711517333984,0.7040483167588418,7.134959897916698e-07,1.620277874323992e-06,1.081723038056127e-06
2007-09-21 08:30:00,0.3682009241150635,0.8882542252540588,0.46438472044536816,7.77326188696292e-07,1.8752350314426264e-06,9.803842988720598e-07
2007-09-21 16:30:00,1.1502406019536342,0.8376778960227966,0.3682009241150635,1.7561294522008384e-06,1.2789244460373892e-06,5.621506370647951e-07
2007-09-21 17:00:00,1.4958712953326039,1.057608723640442,1.1502406019536342,8.737155614333263e-07,6.177330915002496e-07,6.718379558823413e-07
2007-09-21 17:30:00,0.6149469027809336,1.0768498182296753,1.4958712953326039,3.893630454431958e-07,6.818239474249746e-07,9.471338102653166e-07
2007-09-21 18:00:00,0.5363763656429481,0.9387719631195068,0.6149469027809336,1.470610587837599e-07,2.573879232866206e-07,1.6860314587193803e-07
2007-09-21 18:30:00,0.2257388184456717,0.9036769270896912,0.5363763656429481,1.470610587837599e-07,5.887143673884712e-07,3.4943071280857735e-07
2007-09-21 19:00:00,0.4145954210043428,0.8007525205612183,0.2257388184456717,1.470610587837599e-07,2.8403476626015057e-07,8.007177109866751e-08
2007-09-21 19:30:00,0.4731619305048783,0.810441255569458,0.4145954210043428,1.68665058675764e-07,2.8889289926183776e-07,1.4778822323213006e-07
2007-09-21 20:00:00,0.23778108101929804,0.810441255569458,0.4731619305048783,8.425296083084803e-08,2.871636173428581e-07,1.6765544771932688e-07
2007-09-23 18:30:00,2.414363874126635,0.7587856650352478,0.23778108101929804,1.4080955277957012e-06,4.425359047745505e-07,1.3867771977776842e-07
2007-09-23 19:00:00,0.7487344387047541,1.216444969177246,2.414363874126635,2.655834428586994e-07,4.314849514884298e-07,8.563985264434558e-07
2007-09-23 19:30:00,1.6227606685721665,0.9423441886901855,0.7487344387047541,5.308555744072084e-07,3.082701443685973e-07,2.4493436292536995e-07
2007-09-23 20:00:00,1.208800355171114,1.1918129920959473,1.6227606685721665,3.9824968102778603e-07,3.9265304805423706e-07,5.346324691903479e-07
2007-09-23 20:30:00,0.8232264243444929,1.1745195388793945,1.208800355171114,3.7165933144706806e-07,5.30256480699124e-07,5.457331282989446e-07
2007-09-23 21:00:00,0.9318956426013489,1.1175105571746826,0.8232264243444929,3.7190172691799197e-07,4.459770891322228e-07,3.285339203900656e-07
2007-09-23 21:30:00,0.7394533377986117,1.0481147766113281,0.9318956426013489,3.722309647795356e-07,5.276070233981092e-07,4.69103858739789e-07
2007-09-23 22:00:00,1.3752274011864294,1.0112289190292358,0.7394533377986117,6.642921671518052e-07,4.88465725398562e-07,3.571867895084833e-07
2007-09-23 22:30:00,2.091070935844534,1.132184386253357,1.3752274011864294,7.695285843245431e-07,4.1665169412152e-07,5.060932066046342e-07
2007-09-23 23:00:00,1.0119891482267622,1.3091241121292114,2.091070935844534,3.977483249415916e-07,5.145331090283248e-07,8.218664829791648e-07
2007-09-23 23:30:00,1.7167112877341646,1.1428993940353394,1.0119891482267622,5.837767105153667e-07,3.886489553992337e-07,3.4413223717356347e-07
2007-09-24 00:00:00,1.756771797563859,1.3619216680526733,1.7167112877341646,7.428259455983127e-07,5.758691893306558e-07,7.258869293090832e-07
2007-09-24 00:30:00,0.9532703516634801,1.3895208835601807,1.756771797563859,3.97558417946698e-07,5.794953375064109e-07,7.326561822825032e-07
2007-09-24 01:00:00,0.7595541253603226,1.188703179359436,0.9532703516634801,2.649354088403691e-07,4.1462425428081277e-07,3.3250437581858654e-07
2007-09-24 01:30:00,0.817929138632472,1.091390609741211,0.7595541253603226,3.178828224630334e-07,4.2416183878011777e-07,2.951957544716753e-07
2007-09-24 02:00:00,0.2839537723122553,1.040964961051941,0.817929138632472,1.5891985318912016e-07,5.825948267504413e-07,4.577688036052404e-07
2007-09-24 02:30:00,0.37646108041559284,0.8773707747459412,0.2839537723122553,2.914824313884088e-07,6.79321661537383e-07,2.1985681989786542e-07
2007-09-24 03:00:00,1.1028600524375287,0.8452855348587036,0.37646108041559284,7.420227591920363e-07,5.687222993476773e-07,2.5328933530686255e-07
2007-09-24 03:30:00,0.4713690506226729,1.0617926120758057,1.1028600524375287,8.486167568981097e-07,1.911570141840793e-06,1.985504817882495e-06
2007-09-24 04:00:00,0.5549285786980103,0.8391057252883911,0.4713690506226729,8.740679400914954e-07,1.3216753308013294e-06,7.424533370894507e-07
2007-09-24 04:30:00,0.7394893853788085,0.917425274848938,0.5549285786980103,9.276449944156002e-07,1.1508548747160447e-06,6.961245535981221e-07
2007-09-24 05:00:00,0.43092035357583347,0.9294978380203247,0.7394893853788085,5.290869948958681e-07,1.1412438837002752e-06,9.079501894509917e-07
2007-09-24 05:30:00,0.9069351826333811,0.8142669796943665,0.43092035357583347,8.98523346126698e-07,8.067146420663438e-07,4.269235612679676e-07
2007-09-24 06:00:00,0.65521041446527,0.9294978380203247,0.9069351826333811,7.394496274078729e-07,1.0490016868267963e-06,1.0235381918168402e-06
2007-09-24 06:30:00,0.4565155735366521,0.9460124969482422,0.65521041446527,4.753746018045186e-07,9.85093039772855e-07,6.822776876188964e-07
2007-09-24 07:00:00,0.2583960619944699,0.8497070670127869,0.4565155735366521,3.9614691766544623e-07,1.3026856249955784e-06,6.998838756555373e-07
2007-09-24 07:30:00,0.6325473223051383,0.8109911680221558,0.2583960619944699,8.238853941370925e-07,1.0563063893349553e-06,3.3655780978405556e-07
2007-09-24 08:00:00,0.8045002469198673,0.9204638004302979,0.6325473223051383,1.2360606942735572e-06,1.4142309198406958e-06,9.718665536310856e-07
2007-09-24 08:30:00,0.35064715806944263,0.9315300583839417,0.8045002469198673,6.608521082363395e-07,1.7556212528796064e-06,1.5162127284327233e-06
2007-09-24 16:30:00,0.7410841891185022,0.8187107443809509,0.35064715806944263,1.1314500365062215e-06,1.2499663536469527e-06,5.35350430658066e-07
2007-09-24 17:00:00,0.6843642311184729,0.9276589155197144,0.7410841891185022,3.997266879057349e-07,5.418313946666933e-07,4.3285594849325846e-07
2007-09-24 17:30:00,1.5749424098841716,0.9276589155197144,0.6843642311184729,9.038825475354184e-07,5.323970568965564e-07,3.9276666929743586e-07
2007-09-24 18:00:00,1.92599481028049,1.030847430229187,1.5749424098841716,5.280598739140203e-07,2.8263272628036867e-07,4.318100370499755e-07
2007-09-24 18:30:00,1.7179534527121219,1.1835612058639526,1.92599481028049,1.1191874549386116e-06,7.710493271303548e-07,1.2547192280092597e-06
2007-09-24 19:00:00,1.7337142459939248,1.2797757387161255,1.7179534527121219,6.03551571414757e-07,4.45523626483084e-07,5.980648243490536e-07
2007-09-24 19:30:00,1.0545631861398952,1.3181198835372925,1.7337142459939248,3.4498047479765737e-07,4.311980820489266e-07,5.671519465189304e-07
2007-09-24 20:00:00,0.506553677238006,1.2072365283966064,1.0545631861398952,1.794871439901983e-07,4.277600703325649e-07,3.7366333113898126e-07
2007-09-24 20:30:00,0.417270657074244,1.0542210340499878,0.506553677238006,1.8747551059152366e-07,4.7365091046811803e-07,2.2758947381558133e-07
2007-09-24 21:00:00,1.5445571122843653,0.8803502917289734,0.417270657074244,6.164032013053977e-07,3.513309632748457e-07,1.6652473824743682e-07
2007-09-24 21:30:00,0.957986716331665,1.0838710069656372,1.5445571122843653,4.822377578654355e-07,5.456062336813261e-07,7.775094852831459e-07
2007-09-24 22:00:00,0.5998578394936348,1.0238040685653687,0.957986716331665,2.946745402602169e-07,5.029341509910214e-07,4.7060199371358505e-07
2007-09-24 22:30:00,1.3110954375113177,0.9197787642478943,0.5998578394936348,4.824921998808092e-07,3.384849543889804e-07,2.2075183873907334e-07
2007-09-24 23:00:00,0.8864691086129801,1.1002670526504517,1.3110954375113177,3.4841441104492106e-07,4.3244473317423064e-07,5.153079111791399e-07
2007-09-24 23:30:00,0.6567418648385532,0.9716181755065918,0.8864691086129801,2.412065917040498e-07,3.5685361494240235e-07,3.2558026796727504e-07
2007-09-25 00:00:00,1.0137849729421606,0.9303493499755859,0.6567418648385532,4.286645437975539e-07,3.9338497839658596e-07,2.7769394831998053e-07
2007-09-25 00:30:00,0.9649275627691141,1.0179526805877686,1.0137849729421606,4.015579814926018e-07,4.236245698057819e-07,4.2189016368640557e-07
2007-09-25 01:00:00,0.997752260012603,1.0463110208511353,0.9649275627691141,3.4801983703589493e-07,3.649573201276171e-07,3.3657045601892056e-07
2007-09-25 01:30:00,0.5511836055141085,1.021805763244629,0.997752260012603,2.1421391162212355e-07,3.971181422540673e-07,3.877699051802493e-07
2007-09-25 02:00:00,0.43071511337465823,0.9119653701782227,0.5511836055141085,2.41057486317049e-07,5.103978776619678e-07,3.0847985203812534e-07
2007-09-25 02:30:00,0.552992095567483,0.7961888313293457,0.43071511337465823,4.281650585942083e-07,6.164649374750107e-07,3.3348968861159197e-07
2007-09-25 03:00:00,0.4150891533232763,0.8827111721038818,0.552992095567483,2.9457814188240654e-07,6.26437513038772e-07,3.924443283659098e-07
2007-09-25 03:30:00,0.9382570715315889,0.799194872379303,0.4150891533232763,1.6891662109085367e-06,1.4388092723360074e-06,7.472947378523488e-07
2007-09-25 04:00:00,0.7829132152371485,0.9518532156944275,0.9382570715315889,1.2331665147221542e-06,1.4992638898928587e-06,1.4778486047953027e-06
2007-09-25 04:30:00,0.7273958694941013,0.8853511214256287,0.7829132152371485,9.124744054968864e-07,1.1106197767396086e-06,9.821175794220897e-07
2007-09-25 05:00:00,0.6779216026033005,0.8853511214256287,0.7273958694941013,8.32356839309171e-07,1.087040239282498e-06,8.931016868818523e-07
2007-09-25 05:30:00,0.5697057510126688,0.9078960418701172,0.6779216026033005,5.644217222020091e-07,8.994752933805711e-07,6.716338702552294e-07
2007-09-25 06:00:00,0.7633702037613216,0.8840104341506958,0.5697057510126688,8.615153243653176e-07,9.97666050059485e-07,6.429517846755321e-07
2007-09-25 06:30:00,1.2142155066710294,0.8917102217674255,0.7633702037613216,1.2643757331583571e-06,9.285474936019366e-07,7.949056454551326e-07
2007-09-25 07:00:00,0.5144251774208958,0.9955523610115051,1.2142155066710294,7.886650703258378e-07,1.5262809972611183e-06,1.8615133939603565e-06
2007-09-25 07:30:00,0.48246893414947967,0.8283446431159973,0.5144251774208958,6.284100713952513e-07,1.0789090850751498e-06,6.700326997021194e-07
2007-09-25 08:00:00,1.1586244391414313,0.8022470474243164,0.48246893414947967,1.7801487745100921e-06,1.2325988043071208e-06,7.412811717503796e-07
2007-09-25 08:30:00,0.292263627389764,0.9745118618011475,1.1586244391414313,5.508187643234092e-07,1.8366275144459273e-06,2.183617878086795e-06
2007-09-25 16:30:00,1.1446832686339499,0.8022470474243164,0.292263627389764,1.7476447954239702e-06,1.2248304098552375e-06,4.462133948275504e-07
2007-09-25 17:00:00,0.9772045498983877,0.9745118618011475,1.1446832686339499,5.70770242475861e-07,5.691974845120003e-07,6.685920024258973e-07
2007-09-25 17:30:00,0.334048209780753,0.9450478553771973,0.9772045498983877,2.115077378175133e-07,5.983715169475526e-07,6.187320203561169e-07
2007-09-25 18:00:00,1.9015204451687746,0.8085847496986389,0.334048209780753,6.095349076813429e-07,2.591929169167342e-07,1.0707959792236513e-07
2007-09-25 18:30:00,0.33435704854275455,1.0890476703643799,1.9015204451687746,2.1782209151743386e-07,7.09477016724607e-07,1.2387750227938178e-06
2007-09-25 19:00:00,0.7883732991051023,0.8423016667366028,0.33435704854275455,2.744535004172701e-07,2.932273849273815e-07,1.1639849100154815e-07
2007-09-25 19:30:00,0.9050566237154278,0.9076848030090332,0.7883732991051023,2.960722201113267e-07,2.9693197944341574e-07,2.5790146917473997e-07
2007-09-25 20:00:00,0.6821876768286897,0.932814359664917,0.9050566237154278,2.417195319692827e-07,3.305240743729413e-07,3.206886769154138e-07
2007-09-25 20:30:00,0.6529298985741953,0.9118160605430603,0.6821876768286897,2.93354838257628e-07,4.096697877450951e-07,3.065000638421315e-07
2007-09-25 21:00:00,0.7347489126695848,0.896166205406189,0.6529298985741953,2.932242377592376e-07,3.576427919179361e-07,2.605718341576255e-07
2007-09-25 21:30:00,0.5294726786897366,0.8855226039886475,0.7347489126695848,2.6652949677638973e-07,4.4576028853703247e-07,3.698628198067588e-07
2007-09-25 22:00:00,0.3044479638440446,0.8404725193977356,0.5294726786897366,1.470610587837599e-07,4.059832656479859e-07,2.557573771952468e-07
2007-09-25 22:30:00,0.8677758268179758,0.7800288200378418,0.3044479638440446,3.461961596157293e-07,3.1118979526878867e-07,1.2145846038615804e-07
2007-09-25 23:00:00,0.5418047648936971,0.8982330560684204,0.8677758268179758,2.129488622081075e-07,3.5303806773462084e-07,3.410672754213303e-07
2007-09-25 23:30:00,0.4348644720760504,0.8879032135009766,0.5418047648936971,1.5971599006929562e-07,3.261069826031157e-07,1.9899276672600953e-07
2007-09-26 00:00:00,0.7946589960857198,0.7985070943832397,0.4348644720760504,3.460744759786216e-07,3.4775032512698357e-07,1.8938374200347584e-07
2007-09-26 00:30:00,0.866295075457179,0.8982330560684204,0.7946589960857198,3.461353007756687e-07,3.5889638281137744e-07,3.1751251786703453e-07
2007-09-26 01:00:00,1.000850148098643,0.8982330560684204,0.866295075457179,3.462309069175692e-07,3.107318775110552e-07,2.9968335439982516e-07
2007-09-26 01:30:00,0.5980993370487908,0.9515966773033142,1.000850148098643,2.129575490345376e-07,3.38822806706091e-07,3.563598574471483e-07
2007-09-26 02:00:00,0.8556324532267199,0.86308354139328,0.5980993370487908,4.788701440497409e-07,4.830402800119664e-07,3.3473708787985565e-07
2007-09-26 02:30:00,0.4122003244657695,0.8875263929367065,0.8556324532267199,3.191542473971952e-07,6.871848496237285e-07,6.624903364938204e-07
2007-09-26 03:00:00,0.8990355876845868,0.7655346393585205,0.4122003244657695,6.380225327160631e-07,5.43280328583343e-07,2.9252801402373453e-07
2007-09-26 03:30:00,0.503556545530914,0.904300332069397,0.8990355876845868,8.493601561562096e-07,1.5253037182721358e-06,1.5164235554533003e-06
2007-09-26 04:00:00,0.7543330427610716,0.8125133514404297,0.503556545530914,1.1146408186904508e-06,1.200610997937343e-06,7.440807287362795e-07
2007-09-26 04:30:00,0.9978596859001587,0.8835866451263428,0.7543330427610716,1.142087906611347e-06,1.0112981174620349e-06,8.633625126538675e-07
2007-09-26 05:00:00,0.5853210797193098,0.9514843821525574,0.9978596859001587,6.899996758641752e-07,1.1216474820792804e-06,1.1763165272626397e-06
2007-09-26 05:30:00,0.3578259259289315,0.8680141568183899,0.5853210797193098,3.449825240313652e-07,8.368586315728272e-07,5.643122222799369e-07
2007-09-26 06:00:00,0.3994206205641786,0.7753137946128845,0.3578259259289315,4.507734042906588e-07,8.749944809997677e-07,4.038309553137461e-07
2007-09-26 06:30:00,0.763780178478124,0.7885453701019287,0.3994206205641786,8.30684295142172e-07,8.576188194042079e-07,4.344082839642673e-07
2007-09-26 07:00:00,0.5713647181379622,0.880925178527832,0.763780178478124,8.759590614735619e-07,1.3505461014926467e-06,1.1709511404417172e-06
2007-09-26 07:30:00,1.1637849275783023,0.8648577928543091,0.5713647181379622,1.4209575994993497e-06,1.0559736804632912e-06,6.976246375809121e-07
2007-09-26 08:00:00,0.5879263714602054,0.9737664461135864,1.1637849275783023,9.787450301611134e-07,1.6210687527151213e-06,1.93740027550503e-06
2007-09-26 08:30:00,1.0201302600811453,0.8648577928543091,0.5879263714602054,1.9226028716787707e-06,1.6299664280159613e-06,1.1080437218038782e-06
2007-09-26 16:30:00,0.9001838000446823,0.9260740280151367,1.0201302600811453,1.374355313981744e-06,1.4138832108286174e-06,1.5574835315037978e-06
2007-09-26 17:00:00,2.2469541248820675,0.8649826049804688,0.9001838000446823,1.2898949720714871e-06,4.96555181406814e-07,5.167629124064933e-07
2007-09-26 17:30:00,0.8881637687385608,1.2052419185638428,2.2469541248820675,5.097302129130613e-07,6.917060134459652e-07,1.289559926666136e-06
2007-09-26 18:00:00,0.9004640337498877,0.9723936915397644,0.8881637687385608,2.886449436168915e-07,3.117020910863796e-07,2.8470207730841504e-07
2007-09-26 18:30:00,0.41969556256670654,0.9723936915397644,0.9004640337498877,2.4477314750232365e-07,5.671155135259774e-07,5.251649896073578e-07
2007-09-26 19:00:00,0.3514860163703549,0.8475648760795593,0.41969556256670654,1.2236153564569838e-07,2.950596466608052e-07,1.4610707438567348e-07
2007-09-26 19:30:00,1.8633345787996003,0.8230677843093872,0.3514860163703549,6.09554795909503e-07,2.6925111624752026e-07,1.149820270666046e-07
2007-09-26 20:00:00,0.6718385475853473,1.0872304439544678,1.8633345787996003,2.3805252542260985e-07,3.852383192806115e-07,6.602352660244916e-07
2007-09-26 20:30:00,0.4950114094455994,0.9010687470436096,0.6718385475853473,2.117208219160633e-07,3.8539518905354864e-07,2.873513756965152e-07
2007-09-26 21:00:00,1.030477808307573,0.7812219858169556,0.4950114094455994,3.970841956309853e-07,3.0103598674953347e-07,1.9074763741947304e-07
2007-09-26 21:30:00,0.6982498709046396,0.9766333103179932,1.030477808307573,3.439129363822964e-07,4.810266976276955e-07,5.075470310831613e-07
2007-09-26 22:00:00,0.7946291686254707,0.9380219578742981,0.6982498709046396,3.704081389064088e-07,4.3724919923412375e-07,3.2548192966640305e-07
2007-09-26 22:30:00,0.3978306136731853,0.8950227499008179,0.7946291686254707,1.5871314500226938e-07,3.5706622518002825e-07,3.1701455375350304e-07
2007-09-26 23:00:00,0.41512739284536787,0.8398891687393188,0.3978306136731853,1.586357365433015e-07,3.209531319638373e-07,1.5202598890656075e-07
2007-09-26 23:30:00,0.6460516283370805,0.7798999547958374,0.41512739284536787,2.1147992281973413e-07,2.552941204898305e-07,1.3588868930687132e-07
2007-09-27 00:00:00,0.3033630724132019,0.8667923212051392,0.6460516283370805,1.321148024923871e-07,3.7748858292797e-07,2.8135587696508324e-07
2007-09-27 00:30:00,0.8522382052341004,0.7776156067848206,0.3033630724132019,3.1690210004391186e-07,2.891539211731764e-07,1.1280460572300835e-07
2007-09-27 01:00:00,1.672544195645239,0.879425585269928,0.8522382052341004,5.805825260608777e-07,3.0527093341267903e-07,2.958335040046696e-07
2007-09-27 01:30:00,1.2016724599450086,1.054310917854309,1.672544195645239,3.954439918054288e-07,3.4695054755555667e-07,5.50397529479223e-07
2007-09-27 02:00:00,0.9912419384076413,1.0195918083190918,1.2016724599450086,5.263866191917002e-07,5.414414626148765e-07,6.381331126711241e-07
2007-09-27 02:30:00,1.0759757554917406,1.003976821899414,0.9912419384076413,8.144621913834695e-07,7.59962441801213e-07,7.503227440080389e-07
2007-09-27 03:00:00,0.8590901976419458,1.034792184829712,1.0759757554917406,5.780103082346592e-07,6.962255550743982e-07,7.239345528465791e-07
2007-09-27 03:30:00,0.7007385221350656,0.9524233341217041,0.8590901976419458,1.154701755538959e-06,1.569436902906022e-06,1.4156392549406067e-06
2007-09-27 04:00:00,0.4748460908865852,0.9351823925971985,0.7007385221350656,6.556368483671662e-07,1.2912395159157766e-06,9.675345443495142e-07
2007-09-27 04:30:00,0.3705967037180024,0.7700399160385132,0.4748460908865852,4.1983966810966487e-07,8.723588190001999e-07,5.379411721716063e-07
2007-09-27 05:00:00,0.6875814563563108,0.7726408839225769,0.3705967037180024,7.616450219526418e-07,8.558667159455287e-07,4.10515920593128e-07
2007-09-27 05:30:00,0.6238654494405635,0.8672954440116882,0.6875814563563108,5.785558481862193e-07,8.043062036664864e-07,6.376443398749889e-07
2007-09-27 06:00:00,0.7076732928968368,0.8549289107322693,0.6238654494405635,7.362925531923192e-07,8.895033863779778e-07,6.490954077647085e-07
2007-09-27 06:30:00,0.7290364550845102,0.8672954440116882,0.7076732928968368,7.363523005417079e-07,8.759987117150647e-07,7.147747600579259e-07
2007-09-27 07:00:00,0.7130357358242625,0.8672954440116882,0.7290364550845102,9.727015714896989e-07,1.1831379536129546e-06,9.945292639705205e-07
2007-09-27 07:30:00,1.2882876292040006,0.8835539817810059,0.7130357358242625,1.5729728523531316e-06,1.078801344843124e-06,8.70602053286969e-07
2007-09-27 08:00:00,0.590580781192351,0.9780873656272888,1.2882876292040006,9.073877767223961e-07,1.5027656645801896e-06,1.9793675731917382e-06
2007-09-27 08:30:00,0.3788937264223637,0.8711678385734558,0.590580781192351,6.854068311418152e-07,1.5759152131320523e-06,1.0683420535685465e-06
2007-09-27 16:30:00,0.7096784069673193,0.7847932577133179,0.3788937264223637,1.070113664164847e-06,1.1833782462288431e-06,5.71328294520845e-07
2007-09-27 17:00:00,1.5439411302594612,0.8835539817810059,0.7096784069673193,8.863206769744683e-07,5.072163361202931e-07,4.074006668840619e-07
2007-09-27 17:30:00,0.7174856487042982,0.99757981300354,1.5439411302594612,3.85492916881816e-07,5.359827790724805e-07,8.295334838715667e-07
2007-09-27 18:00:00,0.28546721403025027,0.8880359530448914,0.7174856487042982,8.640587330955709e-08,2.6879276597065755e-07,2.1717020735277682e-07
2007-09-27 18:30:00,0.5211978227187899,0.7905251383781433,0.28546721403025027,2.3617097451019054e-07,3.582115737392519e-07,1.293540901160077e-07
2007-09-27 19:00:00,1.1951124134803799,0.814579427242279,0.5211978227187899,4.16050094091396e-07,2.8357654353376814e-07,1.8144268332959056e-07
2007-09-27 19:30:00,0.1885954845290642,0.9778386950492859,1.1951124134803799,6.359282148493333e-08,3.297190371795269e-07,4.02981919501754e-07
2007-09-27 20:00:00,1.011155413552553,0.7578635215759277,0.1885954845290642,3.582826568318487e-07,2.685337509811515e-07,6.68250304136369e-08
2007-09-27 20:30:00,0.9606902085333198,0.933452844619751,1.011155413552553,3.93482339277484e-07,3.8232637914250414e-07,4.14152027327497e-07
2007-09-27 21:00:00,0.5452916199863325,0.933452844619751,0.9606902085333198,2.096607897267081e-07,3.589060484379431e-07,3.693786231463821e-07
2007-09-27 21:30:00,1.01147936038588,0.8628746271133423,0.5452916199863325,4.98189618667187e-07,4.2499649352725254e-07,2.6857554870893824e-07
2007-09-27 22:00:00,0.7116171802840032,0.933452844619751,1.01147936038588,3.150221913129587e-07,4.1322549363138107e-07,4.4776665516903716e-07
2007-09-27 22:30:00,1.0529890136555349,0.8723448514938354,0.7116171802840032,4.200863188155699e-07,3.480189561803355e-07,2.838972086077389e-07
2007-09-27 23:00:00,0.795884718545125,0.9581494927406311,1.0529890136555349,2.889625518089159e-07,3.4787616345099255e-07,3.823096301796942e-07
2007-09-27 23:30:00,0.9627016465048746,0.8723448514938354,0.795884718545125,3.151328175200523e-07,2.8555523084271777e-07,2.6052660726908717e-07
2007-09-28 00:00:00,0.5679644093571906,0.9581494927406311,0.9627016465048746,2.362730238962849e-07,3.9858990152347344e-07,4.0048359612369663e-07
2007-09-28 00:30:00,1.3669840090600893,0.8549475073814392,0.5679644093571906,4.723930577244631e-07,2.9544695806904117e-07,1.9627328647347623e-07
2007-09-28 01:00:00,0.30215472011397937,1.0455247163772583,1.3669840090600893,1.0488556961409046e-07,3.6292815608332307e-07,4.74514832631228e-07
2007-09-28 01:30:00,0.5579504062587927,0.782150149345398,0.30215472011397937,1.836092140203784e-07,2.573884211863444e-07,9.943247652541859e-08
2007-09-28 02:00:00,0.48370091653341424,0.8566943407058716,0.5579504062587927,2.625454430730788e-07,4.6500055627511826e-07,3.0284692796090584e-07
2007-09-28 02:30:00,0.6594326106540406,0.7756786346435547,0.48370091653341424,4.991589507493646e-07,5.871516317692501e-07,3.6613846217562037e-07
2007-09-28 03:00:00,1.420247307276849,0.8743903636932373,0.6594326106540406,9.193985028902208e-07,5.660374691099423e-07,4.268843544965316e-07
2007-09-28 03:30:00,0.2982240529526345,0.9650061726570129,1.420247307276849,4.7354305763844856e-07,1.5323109223271042e-06,2.2551777625980756e-06
2007-09-28 04:00:00,0.4592785778409917,0.7815284729003906,0.2982240529526345,6.057588661728985e-07,1.03078572454098e-06,3.933383199174998e-07
2007-09-28 04:30:00,0.5427931024640308,0.7815284729003906,0.4592785778409917,5.796833118638376e-07,8.346440134006813e-07,4.904928339405751e-07
2007-09-28 05:00:00,0.4013877646185718,0.8596023917198181,0.5427931024640308,4.2160494978049626e-07,9.028990296618023e-07,5.70132622061891e-07
2007-09-28 05:30:00,0.39745632290786076,0.7815284729003906,0.4013877646185718,3.685901827439491e-07,7.24768247586123e-07,3.722360948481933e-07
2007-09-28 06:00:00,0.39075871922466326,0.7715994119644165,0.39745632290786076,3.6858166871228123e-07,7.278081968421741e-07,3.748991577930742e-07
2007-09-28 06:30:00,0.9145122302766999,0.7715994119644165,0.39075871922466326,8.167497474029209e-07,6.891144852458687e-07,3.489861312468923e-07
2007-09-28 07:00:00,0.5134094787133574,0.9027706384658813,0.9145122302766999,6.063406138494863e-07,1.0661791918304405e-06,1.0800461036840815e-06
2007-09-28 07:30:00,0.451302832991931,0.808216392993927,0.5134094787133574,5.5103153084299e-07,9.868156894370877e-07,6.268624753121834e-07
2007-09-28 08:00:00,0.4658022760897155,0.7715994119644165,0.451302832991931,6.74208597586288e-07,1.1168235625768762e-06,6.532219049518008e-07
2007-09-28 08:30:00,1.0233776726818737,0.7598606944084167,0.4658022760897155,1.6558375997254462e-06,1.2294639036414353e-06,7.536737837613617e-07
2007-09-28 16:30:00,1.258001582036945,0.9250481724739075,1.0233776726818737,1.896922140031692e-06,1.3948665757004405e-06,1.5431361873019816e-06
2007-09-28 17:00:00,2.711926591118931,0.9585021138191223,1.258001582036945,1.5568188223223635e-06,5.502413438903964e-07,7.221731398777888e-07
2007-09-28 17:30:00,1.8370688896914462,1.2436517477035522,2.711926591118931,9.264956340019954e-07,6.272154087045815e-07,1.3677158001557679e-06
2007-09-28 18:00:00,2.867369545555099,1.234153151512146,1.8370688896914462,7.295836236348325e-07,3.1402228212836326e-07,4.674302897181792e-07
2007-09-28 18:30:00,0.17045041994833646,1.7272264957427979,2.867369545555099,7.72363966811686e-08,7.826601472959145e-07,1.2992944911436528e-06
2007-09-28 19:00:00,0.15614729477483186,1.0559293031692505,0.17045041994833646,5.435898410091468e-08,3.675967892075126e-07,5.933827852302495e-08
2007-09-28 19:30:00,0.1383933550282321,0.9714990258216858,0.15614729477483186,4.6665082904755775e-08,3.275813536900679e-07,5.265156303591601e-08
2007-09-28 20:00:00,0.13089991791887579,0.8262907862663269,0.1383933550282321,4.7216044477762586e-08,2.980458898384875e-07,4.9918952664962186e-08
2007-09-30 18:30:00,1.981918036188544,0.757747232913971,0.13089991791887579,8.98068820710553e-07,3.4335888338169215e-07,5.931483177911274e-08
2007-09-30 19:00:00,0.942667377526978,1.0777556896209717,1.981918036188544,3.171082040830315e-07,3.625511811733344e-07,6.667065012308983e-07
2007-09-30 19:30:00,0.9692559262938806,0.9421027898788452,0.942667377526978,3.170738122172122e-07,3.0819117529623986e-07,3.0837586950657987e-07
2007-09-30 20:00:00,0.751065658810706,0.9421027898788452,0.9692559262938806,2.643069330757651e-07,3.3153466160241134e-07,3.41090100764162e-07
2007-09-30 20:30:00,0.9658052792789622,0.9204627275466919,0.751065658810706,3.694889324910489e-07,3.5214219459737697e-07,2.8733581650313e-07
2007-09-30 21:00:00,2.162514905583843,1.0137953758239746,0.9658052792789622,7.381895715067054e-07,3.460661344541951e-07,3.2968437971407517e-07
2007-09-30 21:30:00,0.4304756811141642,1.2043919563293457,2.162514905583843,2.110250713479269e-07,5.904094230304866e-07,1.0600944077971295e-06
2007-09-30 22:00:00,0.45726645442485436,0.8357412219047546,0.4304756811141642,1.8453024944243774e-07,3.3726404956031167e-07,1.7371881109191273e-07
2007-09-30 22:30:00,0.532352332845036,0.8176456093788147,0.45726645442485436,2.108794843551042e-07,3.2389204264313985e-07,1.811358909740508e-07
2007-09-30 23:00:00,0.675893652710713,0.8597891330718994,0.532352332845036,2.373400392079108e-07,3.019149325273518e-07,1.8693550833498008e-07
2007-09-30 23:30:00,1.1369746983235594,0.8731474876403809,0.675893652710713,3.428654142505177e-07,2.6330583740608706e-07,2.038220881851195e-07
2007-10-01 00:00:00,0.7220935667258954,0.9734935760498047,1.1369746983235594,2.903212686247597e-07,3.9139787836403375e-07,4.571262673177223e-07
2007-10-01 00:30:00,1.603759156158461,0.8778256773948669,0.7220935667258954,5.542162063418823e-07,3.033530408148183e-07,2.495361947820817e-07
2007-10-01 01:00:00,0.45906036655748444,1.0886037349700928,1.603759156158461,1.5839526506949404e-07,3.7561438476879943e-07,5.53364818993882e-07
2007-10-01 01:30:00,0.8740304182009275,0.8139992952346802,0.45906036655748444,2.641695101594654e-07,2.4602552796150195e-07,1.387477479522195e-07
2007-10-01 02:00:00,0.35936195502333046,0.9253458380699158,0.8740304182009275,1.849418302051995e-07,4.762194508161109e-07,4.498105125975318e-07
2007-10-01 02:30:00,0.660091496228723,0.7401782870292664,0.35936195502333046,4.75494790759648e-07,5.331850534760775e-07,2.588652309369974e-07
2007-10-01 03:00:00,0.6536626093116955,0.8702364563941956,0.660091496228723,4.231491384051889e-07,5.633484331002868e-07,4.2731088472674936e-07
2007-10-01 03:30:00,1.1674806037042906,0.8553431034088135,0.6536626093116955,1.8538153758493736e-06,1.3581794778387648e-06,1.0379356983876456e-06
2007-10-01 04:00:00,1.9271840007952834,0.9671770930290222,1.1674806037042906,2.4841950594805165e-06,1.2467188162385792e-06,1.50491574575375e-06
2007-10-01 04:30:00,1.728415875269999,1.0907268524169922,1.9271840007952834,1.8458853554074808e-06,1.1648566484681891e-06,2.0581624915287883e-06
2007-10-01 05:00:00,0.7019036981003158,1.21345055103302,1.728415875269999,7.372573343622942e-07,1.274569889083562e-06,1.8154730974061779e-06
2007-10-01 05:30:00,0.737985707184838,1.0009267330169678,0.7019036981003158,6.843878710585791e-07,9.282322262150921e-07,6.509263972922755e-07
2007-10-01 06:00:00,0.5878523130778824,1.0009267330169678,0.737985707184838,5.004816353810723e-07,8.521620772641196e-07,6.283011657909241e-07
2007-10-01 06:30:00,0.5749685585525519,0.9441455602645874,0.5878523130778824,4.736113883762778e-07,7.777087685488454e-07,4.842239562766897e-07
2007-10-01 07:00:00,0.9517725469478315,0.8834034204483032,0.5749685585525519,1.0058064839677253e-06,9.335559121720203e-07,6.076106167637041e-07
2007-10-01 07:30:00,3.1736307724204886,0.9397381544113159,0.9517725469478315,3.6039146110454536e-06,1.0671487353447888e-06,1.0808147621158636e-06
2007-10-01 08:00:00,0.9223921915053463,1.3637585639953613,3.1736307724204886,1.304518197650417e-06,1.928732572020302e-06,4.488393476628731e-06
2007-10-01 08:30:00,0.5034503969622496,1.0306224822998047,0.9223921915053463,8.046466124243065e-07,1.6472067438513717e-06,1.4742261734219306e-06
2007-10-01 16:30:00,0.6258800752946296,0.9402787089347839,0.5034503969622496,9.437553885335404e-07,1.417832478311164e-06,7.591454717084678e-07
2007-10-01 17:00:00,1.304058334413231,0.9847128987312317,0.6258800752946296,7.486126531113895e-07,5.652880060797953e-07,3.5929508008297195e-07
2007-10-01 17:30:00,0.5965738755346317,1.0813976526260376,1.304058334413231,3.008722722071252e-07,5.453852108650704e-07,6.57680482260359e-07
2007-10-01 18:00:00,3.039259976735306,0.8444366455078125,0.5965738755346317,7.733200313967875e-07,2.148614393685914e-07,1.5179436168356573e-07
2007-10-01 18:30:00,0.2691965111596072,1.390012502670288,3.039259976735306,1.2198132763422956e-07,6.298579791153756e-07,1.377183401786147e-06
2007-10-01 19:00:00,2.3960244210490935,0.9070433378219604,0.2691965111596072,7.613668759922581e-07,2.88224421437542e-07,8.554057501628681e-08
2007-10-01 19:30:00,1.5053221398987395,1.3917983770370483,2.3960244210490935,4.831582135743988e-07,4.4672087102246633e-07,7.690439463227365e-07
2007-10-01 20:00:00,1.9060775936908665,1.215930700302124,1.5053221398987395,6.707662866527616e-07,4.278972290364298e-07,5.297367459426869e-07
2007-10-01 20:30:00,0.539417493202293,1.335768699645996,1.9060775936908665,2.063654009834261e-07,5.110261472743499e-07,7.292096972836317e-07
2007-10-01 21:00:00,0.5371090696585723,1.0468066930770874,0.539417493202293,2.0651465672041006e-07,4.0248980530316403e-07,2.0740222932461098e-07
2007-10-01 21:30:00,0.4741964589366211,1.0964299440383911,0.5371090696585723,2.3245759509814546e-07,5.37484966792685e-07,2.6329821803861584e-07
2007-10-01 22:00:00,1.1523079829182048,0.8850441575050354,0.4741964589366211,4.650148233372156e-07,3.571602893052706e-07,1.9136236652731633e-07
2007-10-01 22:30:00,0.5868878142699137,1.0547102689743042,1.1523079829182048,2.324824970449786e-07,4.1779991171763764e-07,4.5646106584602164e-07
2007-10-01 23:00:00,0.29417289250065326,0.9036744236946106,0.5868878142699137,1.0329880382808178e-07,3.173252512295202e-07,2.0608564127037938e-07
2007-10-01 23:30:00,1.1765323490439104,0.8302212953567505,0.29417289250065326,3.87078102645884e-07,2.7314207216150697e-07,9.67826215501319e-08
2007-10-02 00:00:00,0.7701417548805229,1.0302950143814087,1.1765323490439104,3.0963927889789065e-07,4.142351759055615e-07,4.7303061527226773e-07
2007-10-02 00:30:00,0.62442951148287,0.9294509887695312,0.7701417548805229,2.3219215273734317e-07,3.456134311040967e-07,2.8637479281523274e-07
2007-10-02 01:00:00,0.9717416378481021,0.9127946496009827,0.62442951148287,3.35292012813614e-07,3.1495280579718417e-07,2.1545462251566116e-07
2007-10-02 01:30:00,2.9838000893748635,1.0002288818359375,0.9717416378481021,9.018324667079537e-07,3.0231210294240194e-07,2.937020349935658e-07
2007-10-02 02:00:00,0.7017088280632479,1.4373493194580078,2.9838000893748635,3.6112702838768076e-07,7.397166285103943e-07,1.5355811648442287e-06
2007-10-02 02:30:00,1.2782305256786304,1.012303352355957,0.7017088280632479,8.763367762010766e-07,6.940208659703056e-07,4.810816514417895e-07
2007-10-02 03:00:00,0.7160952390262065,1.1443263292312622,1.2782305256786304,4.635649631681869e-07,7.407807841088905e-07,8.274637984780423e-07
2007-10-02 03:30:00,0.3907330065850791,1.0567314624786377,0.7160952390262065,6.438636872368815e-07,1.7413195311990315e-06,1.1800070975365513e-06
2007-10-02 04:00:00,0.5795572475982228,0.9739866256713867,0.3907330065850791,8.002152582833508e-07,1.3448178975521588e-06,5.394989279835003e-07
2007-10-02 04:30:00,1.426676723761949,0.953694760799408,0.5795572475982228,1.5236389048333201e-06,1.0185113534747362e-06,6.18946083097456e-07
2007-10-02 05:00:00,0.8106907946709981,1.0377141237258911,1.426676723761949,7.740070574295412e-07,9.907575867863566e-07,1.362119639350715e-06
2007-10-02 05:30:00,0.8064167956740314,0.9241798520088196,0.8106907946709981,7.4784900114468e-07,8.570592563429302e-07,7.518125915583735e-07
2007-10-02 06:00:00,0.4845685035769641,0.9256638884544373,0.8064167956740314,4.125485801945423e-07,7.880853173499399e-07,6.865615524833907e-07
2007-10-02 06:30:00,1.0318442134203147,0.8367530107498169,0.4845685035769641,8.499476418958953e-07,6.892476975556743e-07,3.991473243689122e-07
2007-10-02 07:00:00,0.7408999694783058,0.9747863411903381,1.0318442134203147,7.952259836822216e-07,1.0462619233186217e-06,1.1075035273678795e-06
2007-10-02 07:30:00,0.6375062637342669,0.8939265012741089,0.7408999694783058,7.783821122917009e-07,1.0914659790469282e-06,9.046237128107166e-07
2007-10-02 08:00:00,0.5070792998840524,0.8758233785629272,0.6375062637342669,7.171506658908497e-07,1.2386569897110694e-06,9.016105403063322e-07
2007-10-02 08:30:00,0.3680574362969469,0.8102234601974487,0.5070792998840524,5.882529263674812e-07,1.2949509355605138e-06,8.104465570871057e-07
2007-10-02 16:30:00,0.7603724407829795,0.782401978969574,0.3680574362969469,1.1392198498509125e-06,1.172225369040133e-06,5.514381043097182e-07
2007-10-02 17:00:00,2.3843965932257496,0.8699511885643005,0.7603724407829795,1.3687957145932844e-06,4.994074652661642e-07,4.3650227541657876e-07
2007-10-02 17:30:00,0.8942865425180894,1.17179536819458,2.3843965932257496,4.18770672205649e-07,5.487206959914465e-07,1.116549692605722e-06
2007-10-02 18:00:00,0.1400434148748929,0.9375337362289429,0.8942865425180894,4.292526337681102e-08,2.873671895834925e-07,2.741113204517325e-07
2007-10-02 18:30:00,1.9498050905719735,0.7827786207199097,0.1400434148748929,7.217347764412996e-07,2.8975129645526914e-07,5.183810587814035e-08
2007-10-02 19:00:00,0.2440661632291606,1.1995058059692383,1.9498050905719735,7.755509109203486e-08,3.811580467220381e-07,6.195750750956842e-07
2007-10-02 19:30:00,0.54129725594992,0.8281609416007996,0.2440661632291606,1.7707519740737516e-07,2.70917246683044e-07,7.984164626591556e-08
2007-10-02 20:00:00,0.936684055546318,0.8730821013450623,0.54129725594992,3.3786511658238805e-07,3.149236759292303e-07,1.9524775659875953e-07
2007-10-02 20:30:00,0.2702727742647629,0.9481456279754639,0.936684055546318,1.033984810261502e-07,3.62732864939663e-07,3.5834800160087943e-07
2007-10-02 21:00:00,0.4709102816964187,0.8057621121406555,0.2702727742647629,1.8106168870405963e-07,3.098098605797472e-07,1.039179793289301e-07
2007-10-02 21:30:00,0.5279836947100294,0.7973463535308838,0.4709102816964187,2.588248343282776e-07,3.908700967900687e-07,2.3084666603292902e-07
2007-10-02 22:00:00,0.8978996003123821,0.8212668895721436,0.5279836947100294,3.6234811370169707e-07,3.314229209798017e-07,2.1306824925289322e-07
2007-10-02 22:30:00,0.2883118338591649,0.868700385093689,0.8978996003123821,1.035565886889406e-07,3.120220466462542e-07,3.225098961388252e-07
2007-10-02 23:00:00,0.4514948248922895,0.7973463535308838,0.2883118338591649,1.5530156232610744e-07,2.7426479239914266e-07,9.91711881661439e-08
2007-10-02 23:30:00,0.6562200999486676,0.7796959280967712,0.4514948248922895,2.328149814833574e-07,2.766219643023714e-07,1.601821695271946e-07
2007-10-03 00:00:00,1.3518294789319387,0.8705016374588013,0.6562200999486676,5.435096881798516e-07,3.499894631008443e-07,2.638365174446743e-07
2007-10-03 00:30:00,0.6956492827076527,0.9823087453842163,1.3518294789319387,2.586750009917006e-07,3.6526842189414516e-07,5.026735461327064e-07
2007-10-03 01:00:00,0.29988587430433994,0.8766167163848877,0.6956492827076527,1.0347332510371441e-07,3.024698869070119e-07,2.400284593422511e-07
2007-10-03 01:30:00,1.414422276949032,0.7752897143363953,0.29988587430433994,4.654552799860662e-07,2.5513080282867153e-07,9.86858492424767e-08
2007-10-03 02:00:00,0.502181117030216,1.0017222166061401,1.414422276949032,2.5844220174066575e-07,5.155257464144232e-07,7.279174685171581e-07
2007-10-03 02:30:00,0.7598098808922825,0.8162446618080139,0.502181117030216,5.424038158122638e-07,5.826907892815671e-07,3.5849093431922594e-07
2007-10-03 03:00:00,0.6435292746631432,0.8737236261367798,0.7598098808922825,4.135357777617837e-07,5.614600508616345e-07,4.882583938552779e-07
2007-10-03 03:30:00,0.4866141908286503,0.8661350607872009,0.6435292746631432,8.018600985542919e-07,1.4272480299463996e-06,1.0604303313169598e-06
2007-10-03 04:00:00,0.7643139567469709,0.7801697254180908,0.4866141908286503,9.85222456423102e-07,1.005660993781656e-06,6.272595498046857e-07
2007-10-03 04:30:00,0.847229582707349,0.8649765849113464,0.7643139567469709,9.59805047503083e-07,9.799101791475818e-07,8.658720239897406e-07
2007-10-03 05:00:00,0.7489107154499957,0.8649765849113464,0.847229582707349,6.48684994659382e-07,7.492179238302959e-07,7.338459792280575e-07
2007-10-03 05:30:00,0.5595388793301497,0.8649765849113464,0.7489107154499957,5.189011367985094e-07,8.021557568115987e-07,6.945194265549728e-07
2007-10-03 06:00:00,0.6637622443924438,0.8486273288726807,0.5595388793301497,5.375663544315034e-07,6.87284495776941e-07,4.531581572548112e-07
2007-10-03 06:30:00,0.8022008671650158,0.8580766320228577,0.6637622443924438,6.741021986385789e-07,7.210554961018381e-07,5.577700132630039e-07
2007-10-03 07:00:00,0.3667898001677581,0.8581767082214355,0.8022008671650158,3.628482871457641e-07,8.489547651110228e-07,7.935804388904574e-07
2007-10-03 07:30:00,0.510798020768877,0.7483659982681274,0.3667898001677581,6.23673938561064e-07,9.13739581297735e-07,4.4784284588713796e-07
2007-10-03 08:00:00,0.5112915313898412,0.7754776477813721,0.510798020768877,6.904853793099272e-07,1.0472615815074496e-06,6.898189065690555e-07
2007-10-03 08:30:00,0.7865173814161209,0.7754776477813721,0.5112915313898412,1.2570623648088464e-06,1.2394179566906553e-06,8.171788147878262e-07
2007-10-03 16:30:00,0.7600661241312512,0.8523725867271423,0.7865173814161209,1.1387609142145427e-06,1.27705808125873e-06,1.1783912265933127e-06
2007-10-03 17:00:00,2.116078604907327,0.8464221358299255,0.7600661241312512,1.2147640767348857e-06,4.859002883800904e-07,4.3632643012247563e-07
2007-10-03 17:30:00,0.7562104859697446,1.1599146127700806,2.116078604907327,3.298541427033804e-07,5.059472822751972e-07,9.230198563295218e-07
2007-10-03 18:00:00,0.2065434273432998,0.9410877227783203,0.7562104859697446,6.330844635130263e-08,2.8845653611796507e-07,2.3178907989037542e-07
2007-10-03 18:30:00,1.4775498172047885,0.7771516442298889,0.2065434273432998,5.469259938634964e-07,2.8766842948630756e-07,7.645357737542211e-08
2007-10-03 19:00:00,1.3831212180699899,1.0368794202804565,1.4775498172047885,4.32090582523301e-07,3.2392376522180845e-07,4.61590316801074e-07
2007-10-03 19:30:00,0.9698948362706616,1.0615229606628418,1.3831212180699899,3.1130390235215014e-07,3.40713475041672e-07,4.439357923244894e-07
2007-10-03 20:00:00,0.9207220608501199,0.9930660128593445,0.9698948362706616,3.240105858439021e-07,3.4946908984795436e-07,3.4131493907822085e-07
2007-10-03 20:30:00,0.560023883914244,0.9700523018836975,0.9207220608501199,2.0753036466346175e-07,3.594762897351383e-07,3.4119577848429585e-07
2007-10-03 21:00:00,0.9438144659004304,0.9175921082496643,0.560023883914244,3.6289001888775633e-07,3.528077069430145e-07,2.153252415106281e-07
2007-10-03 21:30:00,0.6270569706532807,0.9930660128593445,0.9438144659004304,2.853187532507175e-07,4.5185743871007354e-07,4.294473697185009e-07
2007-10-03 22:00:00,0.6428570991874925,0.8614439964294434,0.6270569706532807,2.594255050222684e-07,3.476364251161988e-07,2.530493503067254e-07
2007-10-03 22:30:00,0.7221501880601363,0.8614439964294434,0.6428570991874925,2.5938376859381694e-07,3.0941567823531535e-07,2.3090307225767185e-07
2007-10-03 23:00:00,0.813936225659675,0.8735262155532837,0.7221501880601363,2.593920997338395e-07,2.7838274312127906e-07,2.3014094679504843e-07
2007-10-03 23:30:00,0.3944044613668396,0.8735262155532837,0.813936225659675,1.2975871909090226e-07,2.873893526196492e-07,2.677842986290389e-07
2007-10-04 00:00:00,0.4988915428153101,0.7807766795158386,0.3944044613668396,2.0753873213757186e-07,3.248028644359847e-07,1.6407213760241733e-07
2007-10-04 00:30:00,0.6984099298088233,0.7957705855369568,0.4988915428153101,2.5970153894607545e-07,2.959047930039273e-07,1.855112533577284e-07
2007-10-04 01:00:00,0.9940625780845125,0.8747304081916809,0.6984099298088233,3.375567097234199e-07,2.9703473905352533e-07,2.3716108335826315e-07
2007-10-04 01:30:00,0.6771276428621069,0.9556800127029419,0.9940625780845125,2.3351556626483443e-07,3.295776825636967e-07,3.4281436930105934e-07
2007-10-04 02:00:00,0.5815273777789262,0.8747304081916809,0.6771276428621069,2.8546085022035057e-07,4.293887021960953e-07,3.32389221944081e-07
2007-10-04 02:30:00,0.8376016489690471,0.8742328882217407,0.5815273777789262,5.979368549378785e-07,6.240867174867307e-07,4.1513367572447583e-07
2007-10-04 03:00:00,0.4994723143019398,0.8787723779678345,0.8376016489690471,3.122419840864928e-07,5.493590395306849e-07,5.236214165618622e-07
2007-10-04 03:30:00,0.5412843639838896,0.8133517503738403,0.4994723143019398,8.594928887695196e-07,1.2915023821662874e-06,7.931005047331255e-07
2007-10-04 04:00:00,0.443579539918564,0.8391285538673401,0.5412843639838896,5.20719648386297e-07,9.850560862228275e-07,6.354156996114769e-07
2007-10-04 04:30:00,0.22504579968587213,0.7774549722671509,0.443579539918564,2.344377203250447e-07,8.099007917859125e-07,4.6209161098094774e-07
2007-10-04 05:00:00,0.8862698261641138,0.7774549722671509,0.22504579968587213,7.288283948286739e-07,6.393439590982009e-07,1.8506753147389375e-07
2007-10-04 05:30:00,1.2174061777874183,0.8693096041679382,0.8862698261641138,1.0129631090065882e-06,7.233235508362982e-07,7.374355863394464e-07
2007-10-04 06:00:00,1.2302510533691762,0.9698244333267212,1.2174061777874183,9.337448844909638e-07,7.36084395939492e-07,9.239957874806074e-07
2007-10-04 06:30:00,0.3146914466977045,0.9764629006385803,1.2302510533691762,2.592167010937815e-07,8.043291118971618e-07,1.0133787330986704e-06
2007-10-04 07:00:00,0.3435433723094473,0.7714799046516418,0.3146914466977045,3.17547554051958e-07,7.131022644258701e-07,2.908788445201513e-07
2007-10-04 07:30:00,0.5667417489612288,0.7714799046516418,0.3435433723094473,6.435811271810444e-07,8.760778741698011e-07,3.9012130514778223e-07
2007-10-04 08:00:00,0.46487117430818814,0.8505900502204895,0.5667417489612288,5.905209464556466e-07,1.0804955636353643e-06,7.199260622914868e-07
2007-10-04 08:30:00,0.4542759395269981,0.7622687220573425,0.46487117430818814,6.354758533413847e-07,1.0663196627345218e-06,6.502972763534413e-07
2007-10-04 16:30:00,0.9540910854610485,0.7622687220573425,0.4542759395269981,1.4189799048411323e-06,1.1336904989166869e-06,6.756256706141841e-07
2007-10-04 17:00:00,0.5096251820125699,0.9152042865753174,0.9540910854610485,2.976642799497461e-07,5.345568362507716e-07,5.572700211529773e-07
2007-10-04 17:30:00,0.5262260055574478,0.7721458077430725,0.5096251820125699,2.2457954768443244e-07,3.2953171150421047e-07,2.174947487510381e-07
2007-10-04 18:00:00,1.5690930062643318,0.7915012836456299,0.5262260055574478,4.809489301355494e-07,2.426062024688874e-07,1.6129562324983216e-07
2007-10-04 18:30:00,1.9734443513432243,0.9931742548942566,1.5690930062643318,7.304850236688167e-07,3.676307966829061e-07,5.808113824134009e-07
2007-10-04 19:00:00,0.3825959893108172,1.167824387550354,1.9734443513432243,1.1952395909526433e-07,3.6483130567953963e-07,6.165090291500845e-07
2007-10-04 19:30:00,1.545549774493858,0.8271477818489075,0.3825959893108172,4.855945175248219e-07,2.5988061638466697e-07,1.2020739668326775e-07
2007-10-04 20:00:00,0.6090894825444495,1.0649811029434204,1.545549774493858,2.1200814354167407e-07,3.706921117711501e-07,5.379655171073875e-07
2007-10-04 20:30:00,0.980887974791051,1.0037553310394287,0.6090894825444495,3.634917098170815e-07,3.7196576050925123e-07,2.257128062853924e-07
2007-10-04 21:00:00,0.2702016745567092,1.015648365020752,0.980887974791051,1.0389064199163475e-07,3.9050964748042164e-07,3.7714452210594714e-07
2007-10-04 21:30:00,0.5674545070046714,0.7888590097427368,0.2702016745567092,2.3383349422501157e-07,3.2506862915357564e-07,1.1134320183754323e-07
2007-10-04 22:00:00,0.7677636680792789,0.8706955313682556,0.5674545070046714,2.858123127977019e-07,3.241303462373378e-07,2.112440218227905e-07
2007-10-04 22:30:00,0.782649798375219,0.8737395405769348,0.7677636680792789,2.598019730089864e-07,2.900393726659145e-07,2.5486049595324203e-07
2007-10-04 23:00:00,0.36036134486156673,0.8650730848312378,0.782649798375219,1.0394088734490113e-07,2.495175060746077e-07,2.2574373107270607e-07
2007-10-04 23:30:00,0.6032976188409537,0.7771738171577454,0.36036134486156673,1.8193007135976682e-07,2.3436407437856263e-07,1.0867035297092728e-07
2007-10-05 00:00:00,0.31232260308112403,0.8570235967636108,0.6032976188409537,1.299261091811264e-07,3.5652155913604525e-07,2.50971628441133e-07
2007-10-05 00:30:00,0.6774241624415439,0.7719355225563049,0.31232260308112403,2.3369120995818155e-07,2.662948212914543e-07,1.0774201904499523e-07
2007-10-05 01:00:00,1.002321936862414,0.8598347902297974,0.6774241624415439,3.372055173943604e-07,2.8926937009950883e-07,2.2790199115725648e-07
2007-10-05 01:30:00,1.2007396236472954,0.9354056119918823,1.002321936862414,3.629150560467648e-07,2.8271972825493166e-07,3.0294471401584633e-07
2007-10-05 02:00:00,0.9781809894392846,0.9678274989128113,1.2007396236472954,4.4083704561529833e-07,4.361710357206338e-07,5.411375951451715e-07
2007-10-05 02:30:00,0.8115093681077356,0.94239741563797,0.9781809894392846,5.181664776735603e-07,6.017413582894882e-07,6.245899526790203e-07
2007-10-05 03:00:00,1.6611927597939629,0.8958975672721863,0.8115093681077356,1.0086820541380777e-06,5.439921364486913e-07,4.927513267495394e-07
2007-10-05 03:30:00,0.42659615049368504,1.1755096912384033,1.6611927597939629,6.466750836711889e-07,1.7819495723488506e-06,2.5181942352047467e-06
2007-10-05 04:00:00,0.4404894511571832,0.8411536812782288,0.42659615049368504,5.170921818588641e-07,9.874333907160173e-07,5.007827852673305e-07
2007-10-05 04:30:00,0.5954573069049851,0.792178213596344,0.4404894511571832,6.20307749696067e-07,8.252384836594311e-07,4.5887256238803305e-07
2007-10-05 05:00:00,0.2513782710185742,0.8630943298339844,0.5954573069049851,2.067221701027976e-07,7.097699102780353e-07,4.896772747628244e-07
2007-10-05 05:30:00,0.39036644631491985,0.751750648021698,0.2513782710185742,3.620152240418078e-07,6.971531027735971e-07,2.331213708583367e-07
2007-10-05 06:00:00,0.5106046732798831,0.7658938765525818,0.39036644631491985,4.135274265591843e-07,6.20280503415253e-07,3.161491470940337e-07
2007-10-05 06:30:00,1.5285578983321222,0.7936984896659851,0.5106046732798831,1.1870032011507783e-06,6.163473748754001e-07,3.965105818805423e-07
2007-10-05 07:00:00,0.5130754907382604,0.9555745124816895,1.5285578983321222,4.408716182809558e-07,8.210988232933384e-07,1.3134476435507628e-06
2007-10-05 07:30:00,0.5512066553179076,0.7845383882522583,0.5130754907382604,5.786417922675145e-07,8.235871151068184e-07,5.386127302074981e-07
2007-10-05 08:00:00,0.49954300350826336,0.853766918182373,0.5512066553179076,5.852993021745611e-07,1.0003326598960213e-06,6.458320273646039e-07
2007-10-05 08:30:00,0.7734221314315268,0.7905318737030029,0.49954300350826336,9.0847004701457e-07,9.285673363654775e-07,5.867686447541609e-07
2007-10-05 16:30:00,1.1043918735544664,0.857479989528656,0.7734221314315268,1.6425160024279623e-06,1.275294248616289e-06,1.1502784998042398e-06
2007-10-05 17:00:00,1.7800027046742377,0.949943482875824,1.1043918735544664,1.039672375103295e-06,5.548474698728914e-07,6.450584143540871e-07
2007-10-05 17:30:00,1.356430108487171,1.080708622932434,1.7800027046742377,5.788890267916236e-07,4.61218281030651e-07,7.596587741218463e-07
2007-10-05 18:00:00,1.1736729050609735,1.0340559482574463,1.356430108487171,4.725981334754357e-07,4.1637913676660427e-07,5.461882392416793e-07
2007-10-05 18:30:00,0.15523407915286774,1.0811320543289185,1.1736729050609735,7.034139851061032e-08,4.898946229536116e-07,5.318277660841492e-07
2007-10-05 19:00:00,0.3289390776845439,0.8274723291397095,0.15523407915286774,1.027614035808969e-07,2.5850445792365614e-07,4.849552071959946e-08
2007-10-05 19:30:00,0.3270688988431774,0.8015850186347961,0.3289390776845439,1.027614035808969e-07,2.5184908102138644e-07,1.0334899293398381e-07
2007-10-05 20:00:00,0.3105157152746242,0.7668497562408447,0.3270688988431774,1.0276140358089691e-07,2.5377961053366925e-07,1.0823947858181066e-07
2007-10-07 18:30:00,1.9032437527985449,0.7668497562408447,0.3105157152746242,8.624190513385653e-07,3.4748352034467004e-07,1.4070434656574598e-07
2007-10-07 19:00:00,0.5146542009303827,1.0639680624008179,1.9032437527985449,1.5222485816530898e-07,3.147013802638556e-07,5.62943059242529e-07
2007-10-07 19:30:00,0.8883121097907211,0.7936973571777344,0.5146542009303827,2.790977666872909e-07,2.493708656815438e-07,1.6169861528707765e-07
2007-10-07 20:00:00,0.7162961550331645,0.8742170333862305,0.8883121097907211,2.282807225410299e-07,2.786094754757471e-07,2.831015200068798e-07
2007-10-07 20:30:00,0.2768762386013406,0.8948100805282593,0.7162961550331645,1.0147246160493489e-07,3.2793923378469665e-07,2.625156078995265e-07
2007-10-07 21:00:00,0.17488657216157633,0.7904642224311829,0.2768762386013406,6.425260483829382e-08,2.904132929985961e-07,1.0172318736700398e-07
2007-10-07 21:30:00,0.19799354614360737,0.7628445625305176,0.17488657216157633,7.608818816866438e-08,2.931583465612803e-07,6.720826345092642e-08
2007-10-07 22:00:00,1.0393321485915417,0.7721491456031799,0.19799354614360737,3.8078856520853453e-07,2.828985571933684e-07,7.25405044563899e-08
2007-10-07 22:30:00,1.8312702436720474,0.9350262880325317,1.0393321485915417,5.591992245486323e-07,2.8552092571106896e-07,3.173719081327119e-07
2007-10-07 23:00:00,0.20332324271778932,1.0767513513565063,1.8312702436720474,5.563939486651316e-08,2.9465295167621596e-07,5.011270075816576e-07
2007-10-07 23:30:00,1.348062446879835,0.778549075126648,0.20332324271778932,4.0652091024235575e-07,2.3477879635426215e-07,6.131403622612071e-08
2007-10-08 00:00:00,0.36658686071504726,0.9969282746315002,1.348062446879835,1.5250002407689395e-07,4.147218631559636e-07,5.607935734667017e-07
2007-10-08 00:30:00,0.46000428901413,0.7954215407371521,0.36658686071504726,1.5250002407689395e-07,2.636971154631337e-07,1.2153039965155727e-07
2007-10-08 01:00:00,1.133471944773533,0.768983781337738,0.46000428901413,3.811285417101153e-07,2.5856984685980895e-07,1.5467587412353882e-07
2007-10-08 01:30:00,0.5973860496659994,0.9681117534637451,1.133471944773533,2.0334957763198068e-07,3.2954421395925926e-07,3.858326476760983e-07
2007-10-08 02:00:00,0.8241052793826171,0.857755720615387,0.5973860496659994,3.557280722467853e-07,3.702534088627024e-07,2.5786388359750473e-07
2007-10-08 02:30:00,0.6585359243787087,0.8638321161270142,0.8241052793826171,3.81055664308464e-07,4.998483889429677e-07,4.768608257651623e-07
2007-10-08 03:00:00,0.8939558134587576,0.8575589656829834,0.6585359243787087,5.588508689818548e-07,5.360976079129506e-07,4.116796021169216e-07
2007-10-08 03:30:00,0.3683577466893055,0.8575589656829834,0.8939558134587576,4.829410792900769e-07,1.124315848286315e-06,1.1720344943730904e-06
2007-10-08 04:00:00,0.6844726824555417,0.7462419271469116,0.3683577466893055,7.376837530623058e-07,8.042549536605318e-07,3.9699396632237507e-07
2007-10-08 04:30:00,0.4886464229380767,0.8463132381439209,0.6844726824555417,5.090392871073078e-07,8.816327454603147e-07,7.130380372512197e-07
2007-10-08 05:00:00,0.6415960295258761,0.7462419271469116,0.4886464229380767,5.089011883537641e-07,5.919042295275772e-07,3.875846075633703e-07
2007-10-08 05:30:00,0.5814551555802833,0.8354194164276123,0.6415960295258761,4.838094572634591e-07,6.95124655048986e-07,5.338506742063708e-07
2007-10-08 06:00:00,0.4699818890409947,0.8354194164276123,0.5814551555802833,3.56710269415018e-07,6.340726995172299e-07,4.413170593084331e-07
2007-10-08 06:30:00,0.8844752956826847,0.7579654455184937,0.4699818890409947,6.868401965406043e-07,5.885988428530178e-07,3.649649171832271e-07
2007-10-08 07:00:00,0.42716390598837983,0.8483659029006958,0.8844752956826847,3.566940177417571e-07,7.084096717408385e-07,7.385620423158309e-07
2007-10-08 07:30:00,0.6139450472622088,0.7579654455184937,0.42716390598837983,6.4066078919997e-07,7.909482170719287e-07,4.457518899266845e-07
2007-10-08 08:00:00,0.5642976752276341,0.8492839932441711,0.6139450472622088,6.043721857293862e-07,9.095972672488958e-07,6.575453460479217e-07
2007-10-08 08:30:00,0.7208850999831176,0.8366546034812927,0.5642976752276341,7.640911620559876e-07,8.867992808125509e-07,5.981187104855862e-07
2007-10-08 16:30:00,0.9502143512273965,0.8496208786964417,0.7208850999831176,1.4132141995979024e-06,1.263605720643677e-06,1.07214236267717e-06
2007-10-08 17:00:00,0.5545558691760849,0.93011075258255,0.9502143512273965,3.6780690345056345e-07,6.168921379945499e-07,6.302257672585584e-07
2007-10-08 17:30:00,0.4620093388158461,0.8492839932441711,0.5545558691760849,1.971735475659977e-07,3.6245227914260205e-07,2.3666999530625868e-07
2007-10-08 18:00:00,0.458691731073747,0.7407074570655823,0.4620093388158461,1.827843280630913e-07,2.951649346591033e-07,1.841063634538252e-07
2007-10-08 18:30:00,0.7145170634068713,0.7407074570655823,0.458691731073747,3.2376994648346365e-07,3.356376299686278e-07,2.0784751663458482e-07
2007-10-08 19:00:00,1.0405443915610646,0.8327189087867737,0.7145170634068713,2.809662062807954e-07,2.2484948705465504e-07,1.9293280542038442e-07
2007-10-08 19:30:00,1.3458976465854302,0.9192221164703369,1.0405443915610646,4.0873304690788874e-07,2.791567823922119e-07,3.160009088987386e-07
2007-10-08 20:00:00,0.8238088047427122,0.9379282593727112,1.3458976465854302,2.4233057603520454e-07,2.758998132393978e-07,3.959075820794797e-07
2007-10-08 20:30:00,0.5779580434653032,0.876154363155365,0.8238088047427122,2.0432569326655298e-07,3.0974713421560404e-07,2.9124139208947646e-07
2007-10-08 21:00:00,0.7006341727528482,0.864151656627655,0.5779580434653032,2.2984803471860827e-07,2.8349111090926113e-07,1.896032560306942e-07
2007-10-08 21:30:00,0.7109384003771779,0.876154363155365,0.7006341727528482,2.554683506040708e-07,3.1483699559780646e-07,2.5176563313369666e-07
2007-10-08 22:00:00,0.13947841015768825,0.8571369051933289,0.7109384003771779,5.1101838573442005e-08,3.1403621331078645e-07,2.6047227904779104e-07
2007-10-08 22:30:00,1.2563870704668176,0.7382959723472595,0.13947841015768825,3.8365210048364217e-07,2.2544708332950008e-07,4.259132100844821e-08
2007-10-08 23:00:00,1.744067660007669,0.9492323994636536,1.2563870704668176,4.3513046012502363e-07,2.368256348164747e-07,3.134581854840155e-07
2007-10-08 23:30:00,2.038578248108121,1.056900978088379,1.744067660007669,6.147524448435673e-07,3.1871843076927035e-07,5.259400069422545e-07
2007-10-09 00:00:00,0.4099665723743108,1.1925880908966064,2.038578248108121,1.536163876047559e-07,4.468683223682962e-07,7.638647817317128e-07
2007-10-09 00:30:00,0.15441605296475974,0.8345593810081482,0.4099665723743108,5.1191809201286496e-08,2.7667204140662033e-07,1.3591158528498774e-07
2007-10-09 01:00:00,1.597027684110154,0.8209431171417236,0.15441605296475974,5.369985866189198e-07,2.760411093595225e-07,5.1922207121632346e-08
2007-10-09 01:30:00,1.0536075690302515,1.1284480094909668,1.597027684110154,3.066273716113892e-07,3.284078980837165e-07,4.6477684439951124e-07
2007-10-09 02:00:00,0.5870861127932266,0.995075523853302,1.0536075690302515,2.3001955591400278e-07,3.8986926297513155e-07,4.128020402031328e-07
2007-10-09 02:30:00,0.9742921630001844,0.8591092824935913,0.5870861127932266,5.367123613667226e-07,4.732610906561494e-07,3.234105598802842e-07
2007-10-09 03:00:00,0.8171454842849039,0.9454900026321411,0.9742921630001844,4.863140144130461e-07,5.626966649272011e-07,5.798379139480032e-07
2007-10-09 03:30:00,0.6088345989527427,0.929899275302887,0.8171454842849039,6.407339488848214e-07,9.78620524777698e-07,8.599590986778093e-07
2007-10-09 04:00:00,0.5421411698976306,0.8567847609519958,0.6088345989527427,5.630202903041542e-07,8.89781539613482e-07,6.32282238801958e-07
2007-10-09 04:30:00,0.7578102759432922,0.8043203353881836,0.5421411698976306,7.151645185477878e-07,7.590572253722382e-07,5.116321869245634e-07
2007-10-09 05:00:00,0.731954966773828,0.8667444586753845,0.7578102759432922,5.620140833701728e-07,6.655089651289194e-07,5.818664630147513e-07
2007-10-09 05:30:00,0.7766096090348089,0.8667444586753845,0.731954966773828,5.876834021512205e-07,6.558911019696604e-07,5.538919169822511e-07
2007-10-09 06:00:00,0.6925689520174214,0.8667444586753845,0.7766096090348089,5.110266077330897e-07,6.395456787343726e-07,5.730377789560458e-07
2007-10-09 06:30:00,0.5694694535885355,0.8593971133232117,0.6925689520174214,4.085697711672654e-07,6.165803621592915e-07,4.968883518864957e-07
2007-10-09 07:00:00,0.5662006777178765,0.8541988730430603,0.5694694535885355,4.593861051974955e-07,6.930530265929281e-07,4.620382217969281e-07
2007-10-09 07:30:00,0.7166312841039808,0.8476120829582214,0.5662006777178765,6.379754623373802e-07,7.545801062594407e-07,5.040557775738802e-07
2007-10-09 08:00:00,0.5441360153873431,0.8528103232383728,0.7166312841039808,5.47808919740736e-07,8.585667713694726e-07,7.214685271622065e-07
2007-10-09 08:30:00,0.6096134355916711,0.8476120829582214,0.5441360153873431,5.901607145963463e-07,8.205648421997409e-07,5.267726741733091e-07
2007-10-09 16:30:00,0.623264313367925,0.849696695804596,0.6096134355916711,9.025090860306096e-07,1.2303912993028098e-06,8.827421252707535e-07
2007-10-09 17:00:00,0.6465711026511445,0.849696695804596,0.623264313367925,4.2883562927583474e-07,5.635578449839286e-07,4.133774969719211e-07
2007-10-09 17:30:00,1.0048665721957124,0.849696695804596,0.6465711026511445,4.0603327936478615e-07,3.4333427482725386e-07,2.612579544548911e-07
2007-10-09 18:00:00,0.9351127790668834,0.9401744604110718,1.0048665721957124,2.866251323871708e-07,2.8817660844209906e-07,3.080056445966269e-07
2007-10-09 18:30:00,0.740918767115908,0.9401744604110718,0.9351127790668834,3.357333811370592e-07,4.2602234477229804e-07,4.2372873922828176e-07
2007-10-09 19:00:00,1.3621410272466572,0.8602043390274048,0.740918767115908,3.7827998491737e-07,2.388872208415022e-07,2.0576044215930495e-07
2007-10-09 19:30:00,0.995545119923148,0.9864999055862427,1.3621410272466572,3.023351673381793e-07,2.9958824373277903e-07,4.136659676887459e-07
2007-10-09 20:00:00,1.1313572908464855,1.0072433948516846,0.995545119923148,3.3279865718124034e-07,2.962894675036829e-07,2.928483174628845e-07
2007-10-09 20:30:00,0.6872196957693208,1.0269365310668945,1.1313572908464855,2.2681737500507317e-07,3.389411707891379e-07,3.734053207182638e-07
2007-10-09 21:00:00,0.4611746437252532,0.9244543313980103,0.6872196957693208,1.5129162927611837e-07,3.032738332246496e-07,2.2544731992143064e-07
2007-10-09 21:30:00,0.5113232906233942,0.7969578504562378,0.4611746437252532,1.7649889470310345e-07,2.7509441151995035e-07,1.5918855326024264e-07
2007-10-09 22:00:00,0.36992507326066504,0.7936224937438965,0.5113232906233942,1.2602032252232786e-07,2.703589722670862e-07,1.7418966881472498e-07
2007-10-09 22:30:00,0.8256993602252348,0.7619469165802002,0.36992507326066504,2.52136703222128e-07,2.3266916850267666e-07,1.1296083405672684e-07
2007-10-09 23:00:00,0.505268630743229,0.8549404144287109,0.8256993602252348,1.2606034549202933e-07,2.133005642156151e-07,2.0600516297525074e-07
2007-10-09 23:30:00,0.8361361132434987,0.7870495319366455,0.505268630743229,2.5214470934116265e-07,2.373421890575262e-07,1.5236850797384131e-07
2007-10-10 00:00:00,0.6152507016318349,0.8477831482887268,0.8361361132434987,2.017141738787096e-07,2.7795153574271606e-07,2.741329752013736e-07
2007-10-10 00:30:00,1.5201547045882107,0.8394900560379028,0.6152507016318349,4.5392294615929844e-07,2.5067435462852076e-07,1.8371578252422025e-07
2007-10-10 01:00:00,1.9426960626765097,0.9690414667129517,1.5201547045882107,6.554289609322723e-07,3.2693628912435584e-07,5.128714870157562e-07
2007-10-10 01:30:00,1.0493677960928744,1.102925181388855,1.9426960626765097,3.2767044299670514e-07,3.4439400953936084e-07,6.066167475648619e-07
2007-10-10 02:00:00,1.1251038916139107,1.0255481004714966,1.0493677960928744,4.0326823172355966e-07,3.675846933844901e-07,3.7612232853536266e-07
2007-10-10 02:30:00,0.9813822329415888,1.0807251930236816,1.1251038916139107,5.295127217816524e-07,5.831140194383688e-07,6.07058905223802e-07
2007-10-10 03:00:00,1.0657831368766186,1.0602391958236694,0.9813822329415888,6.058237358235309e-07,6.026723901475936e-07,5.578476803206729e-07
2007-10-10 03:30:00,0.8917705254378081,1.0602391958236694,1.0657831368766186,8.068647696947876e-07,9.592934843183626e-07,9.643095849779949e-07
2007-10-10 04:00:00,0.7495813564531317,0.9284023642539978,0.8917705254378081,7.576046721325837e-07,9.383397315348569e-07,9.013157954443543e-07
2007-10-10 04:30:00,0.46675828492313676,0.9043835401535034,0.7495813564531317,4.2944548757847195e-07,8.320868485989975e-07,6.896595979110623e-07
2007-10-10 05:00:00,0.4381765528222012,0.7579733729362488,0.46675828492313676,3.283919337535767e-07,5.680640373590615e-07,3.4981254655040397e-07
2007-10-10 05:30:00,0.5290724971890819,0.7579733729362488,0.4381765528222012,3.788785692714291e-07,5.427987064337837e-07,3.137863077434378e-07
2007-10-10 06:00:00,0.6161681695889847,0.8172814846038818,0.5290724971890819,4.5465267910283863e-07,6.030483801267474e-07,3.903873003487024e-07
2007-10-10 06:30:00,0.3167662665941616,0.8576716780662537,0.6161681695889847,2.2726613383796622e-07,6.153424367821585e-07,4.420740857356364e-07
2007-10-10 07:00:00,0.1992559496028229,0.7579733729362488,0.3167662665941616,1.5779985801689596e-07,6.002736222850195e-07,2.508616279350123e-07
2007-10-10 07:30:00,0.5959871167661036,0.7642363905906677,0.1992559496028229,4.792526326845443e-07,6.145473482233873e-07,1.6022819242028775e-07
2007-10-10 08:00:00,0.6176272723681272,0.8537382483482361,0.5959871167661036,5.983554863553544e-07,8.270991059897684e-07,5.773905672053196e-07
2007-10-10 08:30:00,0.5794545201842909,0.8537382483482361,0.6176272723681272,4.963365959574347e-07,7.312766080227641e-07,5.290337848088155e-07
2007-10-10 16:30:00,0.9665670777401998,0.8537382483482361,0.5794545201842909,1.36875278956033e-06,1.2089762168529913e-06,8.20563837928249e-07
2007-10-10 17:00:00,0.3296319981499935,0.9406630396842957,0.9665670777401998,2.164095016146467e-07,6.175626782226606e-07,6.345691581668017e-07
2007-10-10 17:30:00,0.4552720828145784,0.7568156123161316,0.3296319981499935,1.8106087072919546e-07,3.009841782967768e-07,1.3109403993380817e-07
2007-10-10 18:00:00,0.16599183868958528,0.7568156123161316,0.4552720828145784,5.0878817833147516e-08,2.3197455957050258e-07,1.3954725454519548e-07
2007-10-10 18:30:00,1.7095864429887697,0.7497430443763733,0.16599183868958528,6.105606329443805e-07,2.6776276192258757e-07,5.9282221445751395e-08
2007-10-10 19:00:00,0.6356667885375789,1.0409311056137085,1.7095864429887697,1.7653093062362165e-07,2.8907682468642953e-07,4.747690003699058e-07
2007-10-10 19:30:00,0.7860365674796606,0.8448044061660767,0.6356667885375789,2.3518504439264053e-07,2.5276859879983664e-07,1.9019385110859508e-07
2007-10-10 20:00:00,0.6262199090844817,0.8472101092338562,0.7860365674796606,1.8420807160534093e-07,2.492142747340613e-07,2.3121954157988276e-07
2007-10-10 20:30:00,0.22929158174495587,0.8373715877532959,0.6262199090844817,7.567785819050411e-08,2.7637511935016895e-07,2.066843497485198e-07
2007-10-10 21:00:00,1.4916101518472005,0.7560397982597351,0.22929158174495587,4.2902023066927684e-07,2.1745384894495672e-07,6.594935490947326e-08
2007-10-10 21:30:00,1.2778519200583465,0.9434623718261719,1.4916101518472005,4.0352447396903336e-07,2.9792979243115227e-07,4.710257835379931e-07
2007-10-10 22:00:00,0.39761432276804287,0.9603301882743835,1.2778519200583465,1.2604433325396e-07,3.0442610176119926e-07,4.050809642363117e-07
2007-10-10 22:30:00,0.6941957908298809,0.7622582912445068,0.39761432276804287,2.016101095780881e-07,2.2137699429276957e-07,1.1547616427816559e-07
2007-10-10 23:00:00,1.5153246330759138,0.8431631326675415,0.6941957908298809,3.780609662965745e-07,2.1036222979816642e-07,1.731961097652212e-07
2007-10-10 23:30:00,1.2131820386965688,1.015632152557373,1.5153246330759138,3.2763843377151013e-07,2.742870543231908e-07,4.092366797399939e-07
2007-10-11 00:00:00,1.847161277576481,1.015632152557373,1.2131820386965688,5.541119457287119e-07,3.0466961116496475e-07,3.639306800905193e-07
2007-10-11 00:30:00,1.0114813442889026,1.1331321001052856,1.847161277576481,3.0203149087326584e-07,3.383567867895367e-07,5.51568130939686e-07
2007-10-11 01:00:00,2.015229601382293,1.039731502532959,1.0114813442889026,6.799004069911964e-07,3.507857721268277e-07,3.412547022802331e-07
2007-10-11 01:30:00,1.2903691310455754,1.2909228801727295,2.015229601382293,4.029243382284582e-07,4.03097249215892e-07,6.292657147318887e-07
2007-10-11 02:00:00,0.6313638527606994,1.0914870500564575,1.2903691310455754,2.262981991038677e-07,3.912190295547192e-07,4.6250384664564223e-07
2007-10-11 02:30:00,0.7451996543308561,1.019338607788086,0.6313638527606994,4.020785011083078e-07,5.499923908436147e-07,3.406574736000612e-07
2007-10-11 03:00:00,1.4166896841053285,0.937909722328186,0.7451996543308561,8.052897510112376e-07,5.331365755244177e-07,4.235942781419582e-07
2007-10-11 03:30:00,1.6502948838913223,1.0780551433563232,1.4166896841053285,1.4100557186815193e-06,9.211189071611482e-07,1.2104572401991298e-06
2007-10-11 04:00:00,0.8107855824627241,1.1355575323104858,1.6502948838913223,7.537429235527186e-07,1.0556656072573504e-06,1.534188714518154e-06
2007-10-11 04:30:00,2.5044262804109514,0.9296943545341492,0.8107855824627241,2.129957216357941e-06,7.906837645555759e-07,6.895545761491061e-07
2007-10-11 05:00:00,0.5459931734133329,1.2822365760803223,2.5044262804109514,4.0023639988848844e-07,9.399343728190249e-07,1.835851814760657e-06
2007-10-11 05:30:00,0.7441564143121436,1.0683895349502563,0.5459931734133329,4.753563726952873e-07,6.824718086035734e-07,3.4877255565962746e-07
2007-10-11 06:00:00,0.3477008217969122,1.0479613542556763,0.7441564143121436,2.502100668430461e-07,7.541267206161389e-07,5.355047054662341e-07
2007-10-11 06:30:00,0.34890030219038914,0.8794201016426086,0.3477008217969122,2.5032091840542377e-07,6.309459926671076e-07,2.4946034295788344e-07
2007-10-11 07:00:00,0.6937036486958507,0.8299040198326111,0.34890030219038914,4.838602665319369e-07,5.788604124932216e-07,2.4335895238304057e-07
